02/07/2019 13:10:46
LT: 180.15

0.2000	  1683	0.3000	     0
0.2096	  1854	0.3017	     0
0.2191	  1867	0.3033	     0
0.2287	  1824	0.3050	     0
0.2383	  1841	0.3066	     0
0.2479	  1813	0.3083	     0
0.2574	  1903	0.3100	     0
0.2670	  2036	0.3116	     0
0.2766	  1960	0.3133	     0
0.2861	  2031	0.3149	     0
0.2957	  2106	0.3166	     0
0.3053	  2167	0.3183	     0
0.3148	  2233	0.3199	     0
0.3244	  2341	0.3216	     0
0.3340	  2145	0.3232	     0
0.3436	  2241	0.3249	     0
0.3531	  2402	0.3266	     0
0.3627	  2485	0.3282	     0
0.3723	  2551	0.3299	     0
0.3818	  2847	0.3315	     0
0.3914	  2960	0.3332	     2
0.4010	  2899	0.3349	     2
0.4105	  2976	0.3365	     2
0.4201	  2909	0.3382	     0
0.4297	  2724	0.3398	     1
0.4393	  2779	0.3415	     0
0.4488	  2798	0.3432	     1
0.4584	  2773	0.3448	     2
0.4680	  2785	0.3465	     1
0.4775	  2680	0.3481	     0
0.4871	  2682	0.3498	     0
0.4967	  2607	0.3515	     1
0.5063	  2692	0.3531	     0
0.5158	  2623	0.3548	     0
0.5254	  2645	0.3564	     2
0.5350	  2710	0.3581	     0
0.5445	  2702	0.3598	     1
0.5541	  2594	0.3614	     1
0.5637	  2643	0.3631	     0
0.5732	  2830	0.3647	     3
0.5828	  2806	0.3664	     0
0.5924	  2850	0.3681	     1
0.6020	  2824	0.3697	     1
0.6115	  2794	0.3714	     0
0.6211	  2810	0.3730	     0
0.6307	  2847	0.3747	     0
0.6402	  2830	0.3764	     0
0.6498	  2887	0.3780	     1
0.6594	  2935	0.3797	     0
0.6689	  2984	0.3813	     1
0.6785	  2867	0.3830	     0
0.6881	  2887	0.3847	     0
0.6977	  2917	0.3863	     0
0.7072	  2940	0.3880	     0
0.7168	  2867	0.3896	     0
0.7264	  2922	0.3913	     0
0.7359	  2887	0.3930	     1
0.7455	  2874	0.3946	     0
0.7551	  2963	0.3963	     0
0.7646	  2891	0.3979	     0
0.7742	  2972	0.3996	     2
0.7838	  3070	0.4013	     1
0.7934	  3069	0.4029	     1
0.8029	  3006	0.4046	     1
0.8125	  3027	0.4063	     0
0.8221	  3225	0.4079	     0
0.8316	  3192	0.4096	     1
0.8412	  3229	0.4112	     0
0.8508	  3413	0.4129	     2
0.8604	  3623	0.4146	     0
0.8699	  3606	0.4162	     0
0.8795	  3701	0.4179	     0
0.8891	  3821	0.4195	     0
0.8986	  3874	0.4212	     0
0.9082	  3906	0.4229	     0
0.9178	  3819	0.4245	     2
0.9273	  3856	0.4262	     0
0.9369	  3755	0.4278	     0
0.9465	  3642	0.4295	     0
0.9561	  3659	0.4312	     1
0.9656	  3541	0.4328	     0
0.9752	  3567	0.4345	     1
0.9848	  3446	0.4361	     0
0.9943	  3484	0.4378	     0
1.0039	  3294	0.4395	     0
1.0135	  3234	0.4411	     0
1.0230	  3387	0.4428	     0
1.0326	  3263	0.4444	     0
1.0422	  3194	0.4461	     1
1.0518	  3302	0.4478	     0
1.0613	  3177	0.4494	     0
1.0709	  3237	0.4511	     1
1.0805	  3088	0.4527	     0
1.0900	  3296	0.4544	     0
1.0996	  3175	0.4561	     1
1.1092	  3295	0.4577	     0
1.1188	  3144	0.4594	     1
1.1283	  3127	0.4610	     0
1.1379	  3225	0.4627	     0
1.1475	  3121	0.4644	     0
1.1570	  3021	0.4660	     0
1.1666	  3053	0.4677	     0
1.1762	  3103	0.4693	     0
1.1857	  2906	0.4710	     0
1.1953	  2824	0.4727	     0
1.2049	  2811	0.4743	     1
1.2145	  2815	0.4760	     0
1.2240	  2824	0.4776	     1
1.2336	  2824	0.4793	     0
1.2432	  2773	0.4810	     0
1.2527	  2767	0.4826	     0
1.2623	  2756	0.4843	     0
1.2719	  2690	0.4859	     0
1.2814	  2588	0.4876	     2
1.2910	  2708	0.4893	     0
1.3006	  2654	0.4909	     0
1.3102	  2653	0.4926	     0
1.3197	  2579	0.4942	     0
1.3293	  2496	0.4959	     1
1.3389	  2603	0.4976	     1
1.3484	  2565	0.4992	     1
1.3580	  2493	0.5009	     1
1.3676	  2585	0.5025	     0
1.3771	  2532	0.5042	     1
1.3867	  2556	0.5059	     0
1.3963	  2539	0.5075	     0
1.4059	  2506	0.5092	     0
1.4154	  2597	0.5108	     2
1.4250	  2448	0.5125	     0
1.4346	  2559	0.5142	     0
1.4441	  2553	0.5158	     1
1.4537	  2573	0.5175	     0
1.4633	  2544	0.5191	     0
1.4729	  2460	0.5208	     1
1.4824	  2542	0.5225	     0
1.4920	  2463	0.5241	     2
1.5016	  2565	0.5258	     0
1.5111	  2546	0.5274	     0
1.5207	  2641	0.5291	     0
1.5303	  2589	0.5308	     1
1.5398	  2500	0.5324	     0
1.5494	  2458	0.5341	     1
1.5590	  2485	0.5357	     0
1.5686	  2414	0.5374	     0
1.5781	  2430	0.5391	     0
1.5877	  2463	0.5407	     1
1.5973	  2314	0.5424	     0
1.6068	  2309	0.5440	     0
1.6164	  2190	0.5457	     2
1.6260	  2156	0.5474	     0
1.6355	  2109	0.5490	     0
1.6451	  2073	0.5507	     0
1.6547	  1973	0.5523	     1
1.6643	  2018	0.5540	     1
1.6738	  1902	0.5557	     0
1.6834	  1926	0.5573	     0
1.6930	  1789	0.5590	     2
1.7025	  1802	0.5606	     0
1.7121	  1732	0.5623	     1
1.7217	  1715	0.5640	     0
1.7313	  1736	0.5656	     1
1.7408	  1695	0.5673	     2
1.7504	  1563	0.5689	     0
1.7600	  1601	0.5706	     0
1.7695	  1601	0.5723	     1
1.7791	  1581	0.5739	     0
1.7887	  1560	0.5756	     0
1.7982	  1523	0.5772	     0
1.8078	  1583	0.5789	     1
1.8174	  1526	0.5806	     1
1.8270	  1618	0.5822	     0
1.8365	  1605	0.5839	     0
1.8461	  1434	0.5855	     1
1.8557	  1510	0.5872	     0
1.8652	  1498	0.5889	     0
1.8748	  1471	0.5905	     0
1.8844	  1471	0.5922	     1
1.8939	  1476	0.5938	     1
1.9035	  1483	0.5955	     0
1.9131	  1492	0.5972	     1
1.9227	  1423	0.5988	     0
1.9322	  1468	0.6005	     0
1.9418	  1456	0.6021	     0
1.9514	  1417	0.6038	     0
1.9609	  1461	0.6055	     1
1.9705	  1428	0.6071	     0
1.9801	  1498	0.6088	     1
1.9896	  1447	0.6104	     1
1.9992	  1467	0.6121	     0
2.0088	  1519	0.6138	     0
2.0184	  1489	0.6154	     0
2.0279	  1493	0.6171	     0
2.0375	  1491	0.6187	     0
2.0471	  1471	0.6204	     0
2.0566	  1539	0.6221	     0
2.0662	  1583	0.6237	     1
2.0758	  1454	0.6254	     1
2.0854	  1475	0.6271	     0
2.0949	  1521	0.6287	     0
2.1045	  1584	0.6304	     0
2.1141	  1620	0.6320	     0
2.1236	  1516	0.6337	     1
2.1332	  1543	0.6354	     0
2.1428	  1572	0.6370	     0
2.1523	  1645	0.6387	     0
2.1619	  1604	0.6403	     0
2.1715	  1643	0.6420	     2
2.1811	  1705	0.6437	     0
2.1906	  1656	0.6453	     1
2.2002	  1643	0.6470	     0
2.2098	  1658	0.6486	     0
2.2193	  1674	0.6503	     0
2.2289	  1727	0.6520	     1
2.2385	  1720	0.6536	     1
2.2480	  1864	0.6553	     2
2.2576	  1883	0.6569	     0
2.2672	  1839	0.6586	     0
2.2768	  1876	0.6603	     0
2.2863	  1960	0.6619	     2
2.2959	  2006	0.6636	     0
2.3055	  2051	0.6652	     0
2.3150	  2075	0.6669	     2
2.3246	  2338	0.6686	     1
2.3342	  2632	0.6702	     0
2.3438	  2867	0.6719	     0
2.3533	  3086	0.6735	     0
2.3629	  3361	0.6752	     0
2.3725	  3858	0.6769	     0
2.3820	  4374	0.6785	     0
2.3916	  5006	0.6802	     0
2.4012	  5664	0.6818	     1
2.4107	  6370	0.6835	     0
2.4203	  7201	0.6852	     0
2.4299	  8213	0.6868	     1
2.4395	  9392	0.6885	     0
2.4490	 10264	0.6901	     0
2.4586	 11704	0.6918	     1
2.4682	 13113	0.6935	     0
2.4777	 14181	0.6951	     0
2.4873	 15409	0.6968	     0
2.4969	 16799	0.6984	     0
2.5064	 18232	0.7001	     0
2.5160	 19138	0.7018	     0
2.5256	 20074	0.7034	     0
2.5352	 21177	0.7051	     0
2.5447	 21835	0.7067	     0
2.5543	 22536	0.7084	     0
2.5639	 22535	0.7101	     0
2.5734	 22449	0.7117	     0
2.5830	 21831	0.7134	     1
2.5926	 22005	0.7150	     0
2.6021	 20777	0.7167	     0
2.6117	 20059	0.7184	     1
2.6213	 19013	0.7200	     0
2.6309	 17652	0.7217	     0
2.6404	 16355	0.7233	     1
2.6500	 14916	0.7250	     1
2.6596	 13431	0.7267	     1
2.6691	 11660	0.7283	     0
2.6787	 10411	0.7300	     0
2.6883	  9108	0.7316	     0
2.6979	  7827	0.7333	     0
2.7074	  6791	0.7350	     0
2.7170	  5471	0.7366	     0
2.7266	  4580	0.7383	     0
2.7361	  3853	0.7399	     1
2.7457	  3182	0.7416	     1
2.7553	  2769	0.7433	     1
2.7648	  2220	0.7449	     0
2.7744	  1772	0.7466	     1
2.7840	  1582	0.7482	     1
2.7936	  1362	0.7499	     1
2.8031	  1167	0.7516	     1
2.8127	  1018	0.7532	     0
2.8223	   909	0.7549	     1
2.8318	   899	0.7565	     1
2.8414	   755	0.7582	     0
2.8510	   777	0.7599	     2
2.8605	   728	0.7615	     1
2.8701	   742	0.7632	     0
2.8797	   731	0.7648	     0
2.8893	   771	0.7665	     2
2.8988	   723	0.7682	     0
2.9084	   678	0.7698	     0
2.9180	   696	0.7715	     1
2.9275	   669	0.7731	     1
2.9371	   732	0.7748	     0
2.9467	   700	0.7765	     0
2.9563	   689	0.7781	     0
2.9658	   750	0.7798	     1
2.9754	   668	0.7814	     0
2.9850	   721	0.7831	     0
2.9945	   710	0.7848	     1
3.0041	   728	0.7864	     0
3.0137	   755	0.7881	     1
3.0232	   701	0.7897	     0
3.0328	   735	0.7914	     1
3.0424	   710	0.7931	     1
3.0520	   720	0.7947	     0
3.0615	   654	0.7964	     1
3.0711	   698	0.7980	     1
3.0807	   737	0.7997	     0
3.0902	   715	0.8014	     0
3.0998	   649	0.8030	     1
3.1094	   673	0.8047	     0
3.1189	   709	0.8063	     1
3.1285	   693	0.8080	     1
3.1381	   734	0.8097	     1
3.1477	   653	0.8113	     1
3.1572	   706	0.8130	     1
3.1668	   774	0.8146	     0
3.1764	   727	0.8163	     1
3.1859	   730	0.8180	     0
3.1955	   676	0.8196	     0
3.2051	   717	0.8213	     0
3.2146	   726	0.8229	     0
3.2242	   697	0.8246	     1
3.2338	   724	0.8263	     1
3.2434	   700	0.8279	     0
3.2529	   690	0.8296	     0
3.2625	   706	0.8313	     0
3.2721	   717	0.8329	     1
3.2816	   741	0.8346	     0
3.2912	   704	0.8362	     0
3.3008	   721	0.8379	     0
3.3104	   733	0.8396	     1
3.3199	   660	0.8412	     0
3.3295	   718	0.8429	     0
3.3391	   699	0.8445	     1
3.3486	   742	0.8462	     0
3.3582	   749	0.8479	     2
3.3678	   744	0.8495	     2
3.3773	   720	0.8512	     0
3.3869	   747	0.8528	     0
3.3965	   738	0.8545	     1
3.4061	   703	0.8562	     0
3.4156	   693	0.8578	     0
3.4252	   737	0.8595	     0
3.4348	   743	0.8611	     1
3.4443	   727	0.8628	     0
3.4539	   746	0.8645	     0
3.4635	   708	0.8661	     0
3.4730	   744	0.8678	     1
3.4826	   696	0.8694	     1
3.4922	   751	0.8711	     0
3.5018	   711	0.8728	     1
3.5113	   727	0.8744	     0
3.5209	   748	0.8761	     0
3.5305	   735	0.8777	     2
3.5400	   745	0.8794	     0
3.5496	   736	0.8811	     0
3.5592	   755	0.8827	     0
3.5688	   757	0.8844	     0
3.5783	   767	0.8860	     0
3.5879	   726	0.8877	     1
3.5975	   753	0.8894	     0
3.6070	   770	0.8910	     0
3.6166	   738	0.8927	     0
3.6262	   790	0.8943	     0
3.6357	   760	0.8960	     3
3.6453	   694	0.8977	     0
3.6549	   727	0.8993	     0
3.6645	   805	0.9010	     0
3.6740	   811	0.9026	     0
3.6836	   742	0.9043	     0
3.6932	   796	0.9060	     0
3.7027	   793	0.9076	     0
3.7123	   742	0.9093	     0
3.7219	   826	0.9109	     0
3.7314	   742	0.9126	     0
3.7410	   745	0.9143	     2
3.7506	   800	0.9159	     0
3.7602	   758	0.9176	     2
3.7697	   789	0.9192	     0
3.7793	   772	0.9209	     1
3.7889	   841	0.9226	     0
3.7984	   813	0.9242	     0
3.8080	   769	0.9259	     1
3.8176	   787	0.9275	     0
3.8271	   871	0.9292	     0
3.8367	   843	0.9309	     0
3.8463	   774	0.9325	     3
3.8559	   856	0.9342	     0
3.8654	   809	0.9358	     0
3.8750	   751	0.9375	     1
3.8846	   837	0.9392	     0
3.8941	   820	0.9408	     0
3.9037	   825	0.9425	     0
3.9133	   832	0.9441	     0
3.9229	   841	0.9458	     2
3.9324	   810	0.9475	     0
3.9420	   866	0.9491	     3
3.9516	   821	0.9508	     1
3.9611	   843	0.9524	     0
3.9707	   834	0.9541	     0
3.9803	   827	0.9558	     1
3.9898	   752	0.9574	     0
3.9994	   843	0.9591	     1
4.0090	   769	0.9607	     0
4.0186	   840	0.9624	     0
4.0281	   829	0.9641	     0
4.0377	   771	0.9657	     1
4.0473	   754	0.9674	     0
4.0568	   797	0.9690	     0
4.0664	   815	0.9707	     0
4.0760	   824	0.9724	     0
4.0855	   865	0.9740	     0
4.0951	   838	0.9757	     0
4.1047	   819	0.9773	     0
4.1143	   860	0.9790	     0
4.1238	   941	0.9807	     0
4.1334	   908	0.9823	     0
4.1430	   937	0.9840	     0
4.1525	   966	0.9856	     0
4.1621	   990	0.9873	     0
4.1717	  1021	0.9890	     0
4.1813	  1002	0.9906	     0
4.1908	  1018	0.9923	     0
4.2004	   999	0.9939	     0
4.2100	  1081	0.9956	     0
4.2195	  1062	0.9973	     1
4.2291	  1082	0.9989	     2
4.2387	  1089	1.0006	     1
4.2482	  1197	1.0022	     0
4.2578	  1207	1.0039	     1
4.2674	  1241	1.0056	     0
4.2770	  1316	1.0072	     1
4.2865	  1247	1.0089	     1
4.2961	  1361	1.0105	     0
4.3057	  1372	1.0122	     0
4.3152	  1422	1.0139	     0
4.3248	  1412	1.0155	     2
4.3344	  1392	1.0172	     0
4.3439	  1338	1.0188	     0
4.3535	  1272	1.0205	     0
4.3631	  1228	1.0222	     0
4.3727	  1165	1.0238	     1
4.3822	  1180	1.0255	     0
4.3918	  1197	1.0271	     0
4.4014	  1133	1.0288	     0
4.4109	  1198	1.0305	     0
4.4205	  1235	1.0321	     0
4.4301	  1194	1.0338	     0
4.4396	  1206	1.0354	     0
4.4492	  1184	1.0371	     1
4.4588	  1306	1.0388	     0
4.4684	  1265	1.0404	     0
4.4779	  1293	1.0421	     0
4.4875	  1310	1.0438	     0
4.4971	  1392	1.0454	     0
4.5066	  1492	1.0471	     0
4.5162	  1615	1.0487	     0
4.5258	  1589	1.0504	     0
4.5354	  1550	1.0521	     0
4.5449	  1557	1.0537	     0
4.5545	  1424	1.0554	     0
4.5641	  1360	1.0570	     1
4.5736	  1385	1.0587	     0
4.5832	  1251	1.0604	     0
4.5928	  1220	1.0620	     0
4.6023	  1225	1.0637	     0
4.6119	  1114	1.0653	     0
4.6215	  1018	1.0670	     1
4.6311	   899	1.0687	     1
4.6406	   753	1.0703	     0
4.6502	   646	1.0720	     0
4.6598	   611	1.0736	     1
4.6693	   584	1.0753	     0
4.6789	   590	1.0770	     1
4.6885	   568	1.0786	     0
4.6980	   582	1.0803	     0
4.7076	   557	1.0819	     1
4.7172	   592	1.0836	     0
4.7268	   588	1.0853	     0
4.7363	   559	1.0869	     0
4.7459	   577	1.0886	     0
4.7555	   656	1.0902	     0
4.7650	   582	1.0919	     0
4.7746	   552	1.0936	     0
4.7842	   585	1.0952	     0
4.7938	   570	1.0969	     1
4.8033	   598	1.0985	     0
4.8129	   590	1.1002	     1
4.8225	   606	1.1019	     0
4.8320	   580	1.1035	     0
4.8416	   575	1.1052	     1
4.8512	   561	1.1068	     0
4.8607	   591	1.1085	     0
4.8703	   553	1.1102	     0
4.8799	   582	1.1118	     1
4.8895	   629	1.1135	     0
4.8990	   596	1.1151	     0
4.9086	   542	1.1168	     2
4.9182	   548	1.1185	     0
4.9277	   573	1.1201	     1
4.9373	   617	1.1218	     0
4.9469	   624	1.1234	     0
4.9564	   639	1.1251	     1
4.9660	   639	1.1268	     1
4.9756	   627	1.1284	     0
4.9852	   597	1.1301	     0
4.9947	   609	1.1317	     0
5.0043	   619	1.1334	     1
5.0139	   572	1.1351	     0
5.0234	   632	1.1367	     0
5.0330	   603	1.1384	     0
5.0426	   594	1.1400	     1
5.0521	   618	1.1417	     0
5.0617	   555	1.1434	     0
5.0713	   628	1.1450	     1
5.0809	   569	1.1467	     0
5.0904	   566	1.1483	     0
5.1000	   571	1.1500	     1
5.1096	   611	1.1517	     0
5.1191	   549	1.1533	     0
5.1287	   553	1.1550	     0
5.1383	   570	1.1566	     0
5.1479	   565	1.1583	     2
5.1574	   585	1.1600	     0
5.1670	   541	1.1616	     0
5.1766	   533	1.1633	     1
5.1861	   515	1.1649	     0
5.1957	   505	1.1666	     0
5.2053	   491	1.1683	     1
5.2148	   531	1.1699	     0
5.2244	   540	1.1716	     1
5.2340	   519	1.1732	     0
5.2436	   518	1.1749	     0
5.2531	   580	1.1766	     0
5.2627	   547	1.1782	     0
5.2723	   540	1.1799	     0
5.2818	   493	1.1815	     0
5.2914	   510	1.1832	     0
5.3010	   514	1.1849	     0
5.3105	   536	1.1865	     0
5.3201	   528	1.1882	     1
5.3297	   518	1.1898	     0
5.3393	   554	1.1915	     0
5.3488	   507	1.1932	     1
5.3584	   497	1.1948	     0
5.3680	   435	1.1965	     0
5.3775	   483	1.1981	     0
5.3871	   443	1.1998	     0
5.3967	   553	1.2015	     0
5.4063	   511	1.2031	     0
5.4158	   519	1.2048	     0
5.4254	   498	1.2064	     0
5.4350	   527	1.2081	     0
5.4445	   511	1.2098	     1
5.4541	   501	1.2114	     0
5.4637	   502	1.2131	     0
5.4732	   469	1.2147	     0
5.4828	   499	1.2164	     0
5.4924	   520	1.2181	     0
5.5020	   496	1.2197	     1
5.5115	   488	1.2214	     1
5.5211	   529	1.2230	     2
5.5307	   521	1.2247	     0
5.5402	   521	1.2264	     0
5.5498	   500	1.2280	     0
5.5594	   523	1.2297	     2
5.5689	   568	1.2313	     0
5.5785	   546	1.2330	     0
5.5881	   535	1.2347	     0
5.5977	   572	1.2363	     0
5.6072	   553	1.2380	     0
5.6168	   545	1.2396	     0
5.6264	   605	1.2413	     1
5.6359	   622	1.2430	     0
5.6455	   710	1.2446	     0
5.6551	   690	1.2463	     0
5.6646	   846	1.2479	     0
5.6742	   924	1.2496	     0
5.6838	  1089	1.2513	     0
5.6934	  1166	1.2529	     0
5.7029	  1428	1.2546	     0
5.7125	  1606	1.2562	     0
5.7221	  1861	1.2579	     0
5.7316	  2275	1.2596	     1
5.7412	  2625	1.2612	     2
5.7508	  3026	1.2629	     0
5.7604	  3649	1.2646	     0
5.7699	  4032	1.2662	     1
5.7795	  4836	1.2679	     0
5.7891	  5809	1.2695	     0
5.7986	  6777	1.2712	     1
5.8082	  7711	1.2729	     0
5.8178	  8460	1.2745	     0
5.8273	  8862	1.2762	     1
5.8369	  9249	1.2778	     0
5.8465	  9542	1.2795	     0
5.8561	  9725	1.2812	     0
5.8656	  9774	1.2828	     0
5.8752	  9815	1.2845	     0
5.8848	  9624	1.2861	     2
5.8943	  9078	1.2878	     0
5.9039	  8479	1.2895	     1
5.9135	  7748	1.2911	     0
5.9230	  7035	1.2928	     1
5.9326	  6171	1.2944	     0
5.9422	  5363	1.2961	     0
5.9518	  4545	1.2978	     0
5.9613	  3942	1.2994	     0
5.9709	  3158	1.3011	     0
5.9805	  2576	1.3027	     0
5.9900	  2067	1.3044	     0
5.9996	  1544	1.3061	     0
6.0092	  1291	1.3077	     2
6.0188	   943	1.3094	     1
6.0283	   723	1.3110	     0
6.0379	   546	1.3127	     0
6.0475	   416	1.3144	     0
6.0570	   284	1.3160	     0
6.0666	   207	1.3177	     0
6.0762	   135	1.3193	     0
6.0857	   114	1.3210	     0
6.0953	   102	1.3227	     1
6.1049	    91	1.3243	     0
6.1145	    79	1.3260	     1
6.1240	    78	1.3276	     2
6.1336	    88	1.3293	     0
6.1432	    84	1.3310	     0
6.1527	   101	1.3326	     0
6.1623	    81	1.3343	     0
6.1719	    95	1.3359	     0
6.1814	    89	1.3376	     1
6.1910	    78	1.3393	     0
6.2006	   105	1.3409	     0
6.2102	    78	1.3426	     0
6.2197	    86	1.3442	     1
6.2293	    62	1.3459	     0
6.2389	    82	1.3476	     1
6.2484	    69	1.3492	     0
6.2580	    70	1.3509	     1
6.2676	    63	1.3525	     0
6.2771	    61	1.3542	     0
6.2867	    63	1.3559	     1
6.2963	    56	1.3575	     0
6.3059	    54	1.3592	     0
6.3154	    52	1.3608	     0
6.3250	    35	1.3625	     1
6.3346	    41	1.3642	     0
6.3441	    47	1.3658	     0
6.3537	    44	1.3675	     0
6.3633	    52	1.3691	     1
6.3729	    38	1.3708	     0
6.3824	    35	1.3725	     0
6.3920	    43	1.3741	     0
6.4016	    40	1.3758	     0
6.4111	    38	1.3774	     0
6.4207	    38	1.3791	     0
6.4303	    40	1.3808	     0
6.4398	    29	1.3824	     0
6.4494	    37	1.3841	     1
6.4590	    28	1.3857	     0
6.4686	    40	1.3874	     0
6.4781	    42	1.3891	     0
6.4877	    31	1.3907	     0
6.4973	    45	1.3924	     0
6.5068	    47	1.3940	     0
6.5164	    55	1.3957	     0
6.5260	    42	1.3974	     1
6.5355	    64	1.3990	     0
6.5451	    72	1.4007	     0
6.5547	    66	1.4023	     0
6.5643	    63	1.4040	     0
6.5738	    83	1.4057	     1
6.5834	    73	1.4073	     0
6.5930	    68	1.4090	     0
6.6025	    78	1.4106	     0
6.6121	    81	1.4123	     0
6.6217	    71	1.4140	     0
6.6313	    71	1.4156	     0
6.6408	    80	1.4173	     0
6.6504	    77	1.4189	     0
6.6600	    75	1.4206	     0
6.6695	    66	1.4223	     0
6.6791	    57	1.4239	     0
6.6887	    66	1.4256	     3
6.6982	    82	1.4272	     1
6.7078	    82	1.4289	     0
6.7174	    79	1.4306	     0
6.7270	    82	1.4322	     0
6.7365	    70	1.4339	     1
6.7461	    51	1.4355	     0
6.7557	    59	1.4372	     0
6.7652	    59	1.4389	     0
6.7748	    38	1.4405	     0
6.7844	    49	1.4422	     0
6.7939	    43	1.4438	     0
6.8035	    30	1.4455	     0
6.8131	    26	1.4472	     0
6.8227	    30	1.4488	     1
6.8322	    21	1.4505	     0
6.8418	    25	1.4521	     1
6.8514	    21	1.4538	     0
6.8609	    16	1.4555	     0
6.8705	    23	1.4571	     0
6.8801	    18	1.4588	     1
6.8896	    17	1.4604	     1
6.8992	    12	1.4621	     1
6.9088	    13	1.4638	     1
6.9184	    15	1.4654	     0
6.9279	    14	1.4671	     0
6.9375	    13	1.4688	     0
6.9471	    13	1.4704	     0
6.9566	    11	1.4721	     0
6.9662	    10	1.4737	     0
6.9758	    11	1.4754	     2
6.9854	     6	1.4771	     0
6.9949	     8	1.4787	     0
7.0045	     8	1.4804	     0
7.0141	    11	1.4820	     0
7.0236	     7	1.4837	     0
7.0332	     4	1.4854	     0
7.0428	    10	1.4870	     0
7.0523	     9	1.4887	     0
7.0619	     5	1.4903	     0
7.0715	     4	1.4920	     0
7.0811	     8	1.4937	     0
7.0906	     6	1.4953	     1
7.1002	     7	1.4970	     1
7.1098	     6	1.4986	     0
7.1193	     5	1.5003	     0
7.1289	     5	1.5020	     0
7.1385	    11	1.5036	     0
7.1480	     8	1.5053	     0
7.1576	     4	1.5069	     0
7.1672	     4	1.5086	     1
7.1768	     7	1.5103	     1
7.1863	     9	1.5119	     0
7.1959	     8	1.5136	     0
7.2055	     5	1.5152	     0
7.2150	     6	1.5169	     0
7.2246	     3	1.5186	     0
7.2342	     4	1.5202	     0
7.2438	     4	1.5219	     0
7.2533	     5	1.5235	     0
7.2629	     4	1.5252	     0
7.2725	     5	1.5269	     1
7.2820	     5	1.5285	     0
7.2916	     3	1.5302	     0
7.3012	     7	1.5318	     0
7.3107	     5	1.5335	     0
7.3203	     9	1.5352	     0
7.3299	     2	1.5368	     2
7.3395	     7	1.5385	     1
7.3490	     2	1.5401	     0
7.3586	     4	1.5418	     0
7.3682	     3	1.5435	     0
7.3777	     7	1.5451	     0
7.3873	     6	1.5468	     0
7.3969	     6	1.5484	     0
7.4064	     9	1.5501	     0
7.4160	     5	1.5518	     0
7.4256	     9	1.5534	     0
7.4352	     8	1.5551	     0
7.4447	     6	1.5567	     0
7.4543	    10	1.5584	     0
7.4639	     8	1.5601	     0
7.4734	     4	1.5617	     0
7.4830	     6	1.5634	     1
7.4926	     3	1.5650	     3
7.5021	     1	1.5667	     0
7.5117	     6	1.5684	     0
7.5213	     5	1.5700	     0
7.5309	     4	1.5717	     0
7.5404	     5	1.5733	     0
7.5500	     2	1.5750	     0
7.5596	     2	1.5767	     0
7.5691	     2	1.5783	     0
7.5787	     1	1.5800	     0
7.5883	     4	1.5816	     0
7.5979	     3	1.5833	     0
7.6074	     1	1.5850	     1
7.6170	     0	1.5866	     0
7.6266	     1	1.5883	     0
7.6361	     0	1.5899	     0
7.6457	     0	1.5916	     0
7.6553	     0	1.5933	     0
7.6648	     0	1.5949	     1
7.6744	     0	1.5966	     0
7.6840	     0	1.5982	     2
7.6936	     0	1.5999	     1
7.7031	     0	1.6016	     0
7.7127	     0	1.6032	     0
7.7223	     0	1.6049	     0
7.7318	     0	1.6065	     0
7.7414	     0	1.6082	     1
7.7510	     0	1.6099	     0
7.7605	     0	1.6115	     0
7.7701	     1	1.6132	     0
7.7797	     0	1.6148	     0
7.7893	     0	1.6165	     0
7.7988	     0	1.6182	     0
7.8084	     0	1.6198	     1
7.8180	     0	1.6215	     0
7.8275	     0	1.6231	     2
7.8371	     0	1.6248	     0
7.8467	     0	1.6265	     0
7.8563	     0	1.6281	     0
7.8658	     0	1.6298	     0
7.8754	     0	1.6314	     1
7.8850	     0	1.6331	     0
7.8945	     0	1.6348	     0
7.9041	     0	1.6364	     0
7.9137	     0	1.6381	     0
7.9232	     0	1.6397	     1
7.9328	     0	1.6414	     0
7.9424	     0	1.6431	     0
7.9520	     0	1.6447	     0
7.9615	     0	1.6464	     0
7.9711	     0	1.6480	     0
7.9807	     0	1.6497	     0
7.9902	     0	1.6514	     1
7.9998	     0	1.6530	     0
8.0094	     0	1.6547	     0
8.0189	     0	1.6563	     0
8.0285	     0	1.6580	     0
8.0381	     1	1.6597	     0
8.0477	     0	1.6613	     0
8.0572	     1	1.6630	     0
8.0668	     0	1.6646	     0
8.0764	     0	1.6663	     1
8.0859	     0	1.6680	     0
8.0955	     0	1.6696	     0
8.1051	     0	1.6713	     0
8.1146	     0	1.6729	     0
8.1242	     0	1.6746	     0
8.1338	     0	1.6763	     1
8.1434	     0	1.6779	     0
8.1529	     0	1.6796	     0
8.1625	     0	1.6812	     1
8.1721	     0	1.6829	     1
8.1816	     0	1.6846	     0
8.1912	     0	1.6862	     0
8.2008	     0	1.6879	     1
8.2104	     0	1.6896	     2
8.2199	     0	1.6912	     0
8.2295	     0	1.6929	     0
8.2391	     0	1.6945	     0
8.2486	     0	1.6962	     0
8.2582	     0	1.6979	     1
8.2678	     0	1.6995	     1
8.2773	     0	1.7012	     0
8.2869	     0	1.7028	     0
8.2965	     0	1.7045	     0
8.3061	     0	1.7062	     0
8.3156	     0	1.7078	     0
8.3252	     0	1.7095	     0
8.3348	     0	1.7111	     0
8.3443	     0	1.7128	     0
8.3539	     0	1.7145	     0
8.3635	     0	1.7161	     0
8.3730	     0	1.7178	     0
8.3826	     0	1.7194	     1
8.3922	     0	1.7211	     0
8.4018	     0	1.7228	     0
8.4113	     0	1.7244	     0
8.4209	     0	1.7261	     0
8.4305	     0	1.7277	     0
8.4400	     0	1.7294	     0
8.4496	     0	1.7311	     0
8.4592	     0	1.7327	     0
8.4688	     0	1.7344	     0
8.4783	     0	1.7360	     2
8.4879	     0	1.7377	     0
8.4975	     0	1.7394	     1
8.5070	     0	1.7410	     0
8.5166	     0	1.7427	     0
8.5262	     0	1.7443	     0
8.5357	     0	1.7460	     1
8.5453	     0	1.7477	     0
8.5549	     0	1.7493	     2
8.5645	     0	1.7510	     0
8.5740	     0	1.7526	     1
8.5836	     0	1.7543	     0
8.5932	     0	1.7560	     1
8.6027	     0	1.7576	     0
8.6123	     0	1.7593	     0
8.6219	     0	1.7609	     0
8.6314	     0	1.7626	     0
8.6410	     0	1.7643	     0
8.6506	     0	1.7659	     0
8.6602	     0	1.7676	     0
8.6697	     0	1.7692	     0
8.6793	     0	1.7709	     0
8.6889	     0	1.7726	     0
8.6984	     0	1.7742	     0
8.7080	     0	1.7759	     0
8.7176	     0	1.7775	     0
8.7271	     0	1.7792	     0
8.7367	     0	1.7809	     0
8.7463	     0	1.7825	     0
8.7559	     0	1.7842	     0
8.7654	     0	1.7858	     0
8.7750	     0	1.7875	     0
8.7846	     0	1.7892	     0
8.7941	     0	1.7908	     1
8.8037	     0	1.7925	     0
8.8133	     0	1.7941	     1
8.8229	     0	1.7958	     0
8.8324	     0	1.7975	     1
8.8420	     0	1.7991	     0
8.8516	     0	1.8008	     0
8.8611	     0	1.8024	     1
8.8707	     0	1.8041	     0
8.8803	     0	1.8058	     0
8.8898	     0	1.8074	     1
8.8994	     0	1.8091	     0
8.9090	     0	1.8107	     1
8.9186	     0	1.8124	     0
8.9281	     0	1.8141	     1
8.9377	     0	1.8157	     0
8.9473	     0	1.8174	     0
8.9568	     0	1.8190	     2
8.9664	     0	1.8207	     0
8.9760	     0	1.8224	     0
8.9855	     0	1.8240	     0
8.9951	     0	1.8257	     0
9.0047	     0	1.8273	     0
9.0143	     0	1.8290	     1
9.0238	     0	1.8307	     0
9.0334	     0	1.8323	     0
9.0430	     0	1.8340	     0
9.0525	     0	1.8356	     0
9.0621	     0	1.8373	     0
9.0717	     0	1.8390	     1
9.0813	     0	1.8406	     0
9.0908	     0	1.8423	     0
9.1004	     0	1.8439	     0
9.1100	     0	1.8456	     0
9.1195	     0	1.8473	     0
9.1291	     0	1.8489	     0
9.1387	     0	1.8506	     0
9.1482	     0	1.8522	     0
9.1578	     0	1.8539	     0
9.1674	     0	1.8556	     0
9.1770	     0	1.8572	     0
9.1865	     0	1.8589	     0
9.1961	     0	1.8605	     1
9.2057	     0	1.8622	     1
9.2152	     0	1.8639	     0
9.2248	     0	1.8655	     0
9.2344	     0	1.8672	     0
9.2439	     0	1.8688	     0
9.2535	     0	1.8705	     0
9.2631	     0	1.8722	     0
9.2727	     0	1.8738	     0
9.2822	     0	1.8755	     0
9.2918	     0	1.8771	     0
9.3014	     0	1.8788	     0
9.3109	     0	1.8805	     0
9.3205	     0	1.8821	     0
9.3301	     0	1.8838	     0
9.3396	     0	1.8854	     0
9.3492	     0	1.8871	     0
9.3588	     0	1.8888	     0
9.3684	     0	1.8904	     0
9.3779	     0	1.8921	     0
9.3875	     0	1.8938	     0
9.3971	     0	1.8954	     0
9.4066	     0	1.8971	     0
9.4162	     0	1.8987	     1
9.4258	     0	1.9004	     0
9.4354	     0	1.9021	     0
9.4449	     0	1.9037	     0
9.4545	     0	1.9054	     0
9.4641	     0	1.9070	     1
9.4736	     0	1.9087	     1
9.4832	     0	1.9104	     0
9.4928	     0	1.9120	     0
9.5023	     0	1.9137	     1
9.5119	     0	1.9153	     1
9.5215	     0	1.9170	     0
9.5311	     0	1.9187	     0
9.5406	     0	1.9203	     1
9.5502	     0	1.9220	     0
9.5598	     0	1.9236	     0
9.5693	     0	1.9253	     0
9.5789	     0	1.9270	     1
9.5885	     0	1.9286	     0
9.5980	     0	1.9303	     0
9.6076	     0	1.9319	     0
9.6172	     0	1.9336	     0
9.6268	     0	1.9353	     0
9.6363	     0	1.9369	     0
9.6459	     0	1.9386	     0
9.6555	     0	1.9402	     0
9.6650	     0	1.9419	     0
9.6746	     0	1.9436	     0
9.6842	     0	1.9452	     2
9.6937	     0	1.9469	     0
9.7033	     0	1.9485	     0
9.7129	     0	1.9502	     1
9.7225	     0	1.9519	     0
9.7320	     0	1.9535	     0
9.7416	     0	1.9552	     0
9.7512	     0	1.9568	     0
9.7607	     0	1.9585	     1
9.7703	     0	1.9602	     0
9.7799	     0	1.9618	     1
9.7895	     0	1.9635	     0
9.7990	     0	1.9651	     0
9.8086	     0	1.9668	     0
9.8182	     0	1.9685	     1
9.8277	     0	1.9701	     0
9.8373	     0	1.9718	     0
9.8469	     0	1.9734	     0
9.8564	     0	1.9751	     0
9.8660	     0	1.9768	     0
9.8756	     0	1.9784	     2
9.8852	     0	1.9801	     0
9.8947	     0	1.9817	     1
9.9043	     0	1.9834	     0
9.9139	     0	1.9851	     1
9.9234	     0	1.9867	     0
9.9330	     0	1.9884	     0
9.9426	     0	1.9900	     0
9.9521	     0	1.9917	     0
9.9617	     0	1.9934	     0
9.9713	     0	1.9950	     1
9.9809	     0	1.9967	     0
9.9904	     0	1.9983	     0
