02/05/2019 16:00:27
LT: 50.10

0.2000	     0	0.3000	     0
0.2096	     0	0.3017	     0
0.2191	     1	0.3033	     0
0.2287	     0	0.3050	     0
0.2383	     0	0.3066	     0
0.2479	     1	0.3083	     0
0.2574	     0	0.3100	     0
0.2670	     0	0.3116	     0
0.2766	     0	0.3133	     0
0.2861	     0	0.3149	     0
0.2957	     0	0.3166	     0
0.3053	     0	0.3183	     0
0.3148	     0	0.3199	     0
0.3244	     0	0.3216	     0
0.3340	     0	0.3232	     0
0.3436	     0	0.3249	     0
0.3531	     0	0.3266	     0
0.3627	     0	0.3282	     0
0.3723	     0	0.3299	     0
0.3818	     0	0.3315	     0
0.3914	     0	0.3332	     0
0.4010	     0	0.3349	     0
0.4105	     0	0.3365	     0
0.4201	     0	0.3382	     0
0.4297	     0	0.3398	     0
0.4393	     0	0.3415	     0
0.4488	     0	0.3432	     0
0.4584	     0	0.3448	     2
0.4680	     0	0.3465	     0
0.4775	     0	0.3481	     0
0.4871	     0	0.3498	     0
0.4967	     0	0.3515	     0
0.5063	     0	0.3531	     0
0.5158	     0	0.3548	     0
0.5254	     0	0.3564	     0
0.5350	     0	0.3581	     0
0.5445	     0	0.3598	     0
0.5541	     0	0.3614	     0
0.5637	     0	0.3631	     1
0.5732	     0	0.3647	     0
0.5828	     0	0.3664	     0
0.5924	     0	0.3681	     0
0.6020	     0	0.3697	     0
0.6115	     0	0.3714	     0
0.6211	     0	0.3730	     0
0.6307	     0	0.3747	     0
0.6402	     0	0.3764	     0
0.6498	     0	0.3780	     1
0.6594	     0	0.3797	     1
0.6689	     0	0.3813	     0
0.6785	     0	0.3830	     0
0.6881	     0	0.3847	     0
0.6977	     0	0.3863	     0
0.7072	     0	0.3880	     0
0.7168	     0	0.3896	     1
0.7264	     0	0.3913	     0
0.7359	     0	0.3930	     0
0.7455	     0	0.3946	     0
0.7551	     0	0.3963	     0
0.7646	     0	0.3979	     0
0.7742	     0	0.3996	     1
0.7838	     0	0.4013	     0
0.7934	     0	0.4029	     1
0.8029	     0	0.4046	     0
0.8125	     0	0.4063	     0
0.8221	     0	0.4079	     0
0.8316	     0	0.4096	     0
0.8412	     0	0.4112	     0
0.8508	     0	0.4129	     0
0.8604	     0	0.4146	     0
0.8699	     0	0.4162	     0
0.8795	     0	0.4179	     0
0.8891	     0	0.4195	     0
0.8986	     0	0.4212	     0
0.9082	     0	0.4229	     0
0.9178	     0	0.4245	     1
0.9273	     0	0.4262	     0
0.9369	     0	0.4278	     0
0.9465	     0	0.4295	     0
0.9561	     0	0.4312	     0
0.9656	     0	0.4328	     0
0.9752	     0	0.4345	     0
0.9848	     0	0.4361	     0
0.9943	     0	0.4378	     0
1.0039	     0	0.4395	     1
1.0135	     0	0.4411	     0
1.0230	     0	0.4428	     0
1.0326	     0	0.4444	     0
1.0422	     0	0.4461	     0
1.0518	     0	0.4478	     0
1.0613	     0	0.4494	     0
1.0709	     0	0.4511	     0
1.0805	     0	0.4527	     0
1.0900	     0	0.4544	     0
1.0996	     0	0.4561	     0
1.1092	     0	0.4577	     0
1.1188	     0	0.4594	     0
1.1283	     0	0.4610	     0
1.1379	     0	0.4627	     0
1.1475	     0	0.4644	     0
1.1570	     0	0.4660	     0
1.1666	     0	0.4677	     0
1.1762	     0	0.4693	     0
1.1857	     0	0.4710	     0
1.1953	     0	0.4727	     0
1.2049	     0	0.4743	     0
1.2145	     0	0.4760	     0
1.2240	     0	0.4776	     0
1.2336	     0	0.4793	     0
1.2432	     0	0.4810	     0
1.2527	     0	0.4826	     0
1.2623	     0	0.4843	     0
1.2719	     0	0.4859	     0
1.2814	     0	0.4876	     0
1.2910	     0	0.4893	     0
1.3006	     0	0.4909	     1
1.3102	     0	0.4926	     0
1.3197	     0	0.4942	     1
1.3293	     0	0.4959	     0
1.3389	     0	0.4976	     0
1.3484	     0	0.4992	     0
1.3580	     0	0.5009	     0
1.3676	     0	0.5025	     0
1.3771	     0	0.5042	     1
1.3867	     0	0.5059	     0
1.3963	     0	0.5075	     0
1.4059	     0	0.5092	     0
1.4154	     0	0.5108	     0
1.4250	     0	0.5125	     0
1.4346	     0	0.5142	     0
1.4441	     0	0.5158	     0
1.4537	     0	0.5175	     0
1.4633	     0	0.5191	     0
1.4729	     0	0.5208	     0
1.4824	     0	0.5225	     0
1.4920	     0	0.5241	     0
1.5016	     0	0.5258	     0
1.5111	     0	0.5274	     0
1.5207	     0	0.5291	     0
1.5303	     0	0.5308	     0
1.5398	     0	0.5324	     1
1.5494	     0	0.5341	     0
1.5590	     0	0.5357	     0
1.5686	     0	0.5374	     0
1.5781	     0	0.5391	     0
1.5877	     0	0.5407	     0
1.5973	     0	0.5424	     0
1.6068	     0	0.5440	     0
1.6164	     0	0.5457	     0
1.6260	     0	0.5474	     0
1.6355	     0	0.5490	     0
1.6451	     0	0.5507	     0
1.6547	     0	0.5523	     0
1.6643	     0	0.5540	     0
1.6738	     0	0.5557	     0
1.6834	     0	0.5573	     0
1.6930	     0	0.5590	     0
1.7025	     0	0.5606	     0
1.7121	     0	0.5623	     0
1.7217	     0	0.5640	     0
1.7313	     0	0.5656	     0
1.7408	     0	0.5673	     0
1.7504	     0	0.5689	     1
1.7600	     0	0.5706	     0
1.7695	     0	0.5723	     0
1.7791	     0	0.5739	     1
1.7887	     0	0.5756	     0
1.7982	     0	0.5772	     0
1.8078	     0	0.5789	     0
1.8174	     0	0.5806	     0
1.8270	     0	0.5822	     0
1.8365	     0	0.5839	     0
1.8461	     0	0.5855	     0
1.8557	     0	0.5872	     0
1.8652	     0	0.5889	     0
1.8748	     0	0.5905	     1
1.8844	     0	0.5922	     0
1.8939	     0	0.5938	     0
1.9035	     0	0.5955	     0
1.9131	     0	0.5972	     0
1.9227	     0	0.5988	     0
1.9322	     0	0.6005	     0
1.9418	     0	0.6021	     0
1.9514	     0	0.6038	     0
1.9609	     0	0.6055	     0
1.9705	     0	0.6071	     0
1.9801	     0	0.6088	     0
1.9896	     0	0.6104	     0
1.9992	     0	0.6121	     0
2.0088	     0	0.6138	     0
2.0184	     0	0.6154	     0
2.0279	     0	0.6171	     0
2.0375	     0	0.6187	     0
2.0471	     0	0.6204	     0
2.0566	     0	0.6221	     0
2.0662	     0	0.6237	     0
2.0758	     0	0.6254	     0
2.0854	     0	0.6271	     0
2.0949	     0	0.6287	     0
2.1045	     0	0.6304	     0
2.1141	     0	0.6320	     0
2.1236	     0	0.6337	     0
2.1332	     0	0.6354	     0
2.1428	     0	0.6370	     1
2.1523	     0	0.6387	     0
2.1619	     0	0.6403	     0
2.1715	     0	0.6420	     0
2.1811	     0	0.6437	     0
2.1906	     0	0.6453	     0
2.2002	     0	0.6470	     0
2.2098	     0	0.6486	     0
2.2193	     0	0.6503	     0
2.2289	     0	0.6520	     0
2.2385	     0	0.6536	     0
2.2480	     0	0.6553	     0
2.2576	     0	0.6569	     0
2.2672	     0	0.6586	     0
2.2768	     0	0.6603	     1
2.2863	     0	0.6619	     0
2.2959	     0	0.6636	     0
2.3055	     0	0.6652	     0
2.3150	     0	0.6669	     0
2.3246	     0	0.6686	     0
2.3342	     0	0.6702	     0
2.3438	     0	0.6719	     0
2.3533	     0	0.6735	     0
2.3629	     0	0.6752	     0
2.3725	     0	0.6769	     0
2.3820	     0	0.6785	     0
2.3916	     0	0.6802	     0
2.4012	     0	0.6818	     0
2.4107	     0	0.6835	     0
2.4203	     0	0.6852	     0
2.4299	     0	0.6868	     0
2.4395	     0	0.6885	     0
2.4490	     0	0.6901	     0
2.4586	     0	0.6918	     0
2.4682	     0	0.6935	     0
2.4777	     0	0.6951	     0
2.4873	     0	0.6968	     0
2.4969	     0	0.6984	     0
2.5064	     0	0.7001	     0
2.5160	     0	0.7018	     1
2.5256	     0	0.7034	     0
2.5352	     0	0.7051	     0
2.5447	     0	0.7067	     0
2.5543	     0	0.7084	     0
2.5639	     0	0.7101	     0
2.5734	     0	0.7117	     0
2.5830	     0	0.7134	     0
2.5926	     0	0.7150	     0
2.6021	     0	0.7167	     0
2.6117	     0	0.7184	     0
2.6213	     0	0.7200	     0
2.6309	     0	0.7217	     0
2.6404	     0	0.7233	     1
2.6500	     0	0.7250	     1
2.6596	     0	0.7267	     0
2.6691	     0	0.7283	     1
2.6787	     0	0.7300	     0
2.6883	     0	0.7316	     0
2.6979	     0	0.7333	     0
2.7074	     0	0.7350	     0
2.7170	     0	0.7366	     0
2.7266	     0	0.7383	     0
2.7361	     0	0.7399	     0
2.7457	     0	0.7416	     0
2.7553	     0	0.7433	     0
2.7648	     0	0.7449	     0
2.7744	     0	0.7466	     0
2.7840	     0	0.7482	     0
2.7936	     0	0.7499	     0
2.8031	     0	0.7516	     0
2.8127	     0	0.7532	     0
2.8223	     0	0.7549	     0
2.8318	     0	0.7565	     0
2.8414	     0	0.7582	     0
2.8510	     0	0.7599	     0
2.8605	     0	0.7615	     0
2.8701	     0	0.7632	     0
2.8797	     0	0.7648	     0
2.8893	     0	0.7665	     0
2.8988	     0	0.7682	     0
2.9084	     0	0.7698	     0
2.9180	     0	0.7715	     0
2.9275	     0	0.7731	     0
2.9371	     0	0.7748	     0
2.9467	     0	0.7765	     1
2.9563	     0	0.7781	     0
2.9658	     0	0.7798	     0
2.9754	     0	0.7814	     0
2.9850	     0	0.7831	     0
2.9945	     0	0.7848	     0
3.0041	     0	0.7864	     0
3.0137	     0	0.7881	     0
3.0232	     0	0.7897	     0
3.0328	     0	0.7914	     1
3.0424	     0	0.7931	     0
3.0520	     0	0.7947	     0
3.0615	     0	0.7964	     0
3.0711	     0	0.7980	     0
3.0807	     0	0.7997	     0
3.0902	     0	0.8014	     0
3.0998	     0	0.8030	     1
3.1094	     0	0.8047	     0
3.1189	     0	0.8063	     0
3.1285	     0	0.8080	     0
3.1381	     0	0.8097	     0
3.1477	     0	0.8113	     0
3.1572	     0	0.8130	     0
3.1668	     1	0.8146	     0
3.1764	     1	0.8163	     0
3.1859	    16	0.8180	     0
3.1955	   197	0.8196	     0
3.2051	  1499	0.8213	     0
3.2146	  5994	0.8229	     0
3.2242	 15239	0.8246	     0
3.2338	 20785	0.8263	     0
3.2434	 15580	0.8279	     1
3.2529	  8067	0.8296	     0
3.2625	  2975	0.8313	     0
3.2721	   555	0.8329	     0
3.2816	    69	0.8346	     0
3.2912	     0	0.8362	     0
3.3008	     0	0.8379	     0
3.3104	     0	0.8396	     0
3.3199	     0	0.8412	     0
3.3295	     0	0.8429	     0
3.3391	     0	0.8445	     0
3.3486	     0	0.8462	     0
3.3582	     0	0.8479	     0
3.3678	     0	0.8495	     0
3.3773	     0	0.8512	     0
3.3869	     0	0.8528	     0
3.3965	     0	0.8545	     0
3.4061	     0	0.8562	     0
3.4156	     0	0.8578	     0
3.4252	     0	0.8595	     0
3.4348	     0	0.8611	     0
3.4443	     0	0.8628	     0
3.4539	     0	0.8645	     0
3.4635	     0	0.8661	     0
3.4730	     0	0.8678	     0
3.4826	     0	0.8694	     0
3.4922	     0	0.8711	     0
3.5018	     0	0.8728	     0
3.5113	     0	0.8744	     0
3.5209	     0	0.8761	     0
3.5305	     0	0.8777	     0
3.5400	     0	0.8794	     0
3.5496	     0	0.8811	     0
3.5592	     0	0.8827	     0
3.5688	     0	0.8844	     1
3.5783	     0	0.8860	     0
3.5879	     0	0.8877	     0
3.5975	     0	0.8894	     0
3.6070	     0	0.8910	     0
3.6166	     0	0.8927	     0
3.6262	     0	0.8943	     0
3.6357	     0	0.8960	     0
3.6453	     0	0.8977	     0
3.6549	     0	0.8993	     0
3.6645	     0	0.9010	     0
3.6740	     0	0.9026	     0
3.6836	     0	0.9043	     0
3.6932	     0	0.9060	     0
3.7027	     0	0.9076	     1
3.7123	     0	0.9093	     0
3.7219	     0	0.9109	     0
3.7314	     0	0.9126	     0
3.7410	     0	0.9143	     0
3.7506	     0	0.9159	     0
3.7602	     0	0.9176	     0
3.7697	     0	0.9192	     0
3.7793	     0	0.9209	     0
3.7889	     0	0.9226	     0
3.7984	     0	0.9242	     0
3.8080	     0	0.9259	     0
3.8176	     0	0.9275	     0
3.8271	     0	0.9292	     0
3.8367	     0	0.9309	     0
3.8463	     0	0.9325	     0
3.8559	     0	0.9342	     0
3.8654	     0	0.9358	     0
3.8750	     0	0.9375	     0
3.8846	     0	0.9392	     0
3.8941	     0	0.9408	     0
3.9037	     0	0.9425	     0
3.9133	     0	0.9441	     0
3.9229	     0	0.9458	     0
3.9324	     0	0.9475	     0
3.9420	     0	0.9491	     0
3.9516	     0	0.9508	     0
3.9611	     0	0.9524	     0
3.9707	     0	0.9541	     1
3.9803	     0	0.9558	     0
3.9898	     0	0.9574	     0
3.9994	     0	0.9591	     0
4.0090	     0	0.9607	     0
4.0186	     0	0.9624	     0
4.0281	     0	0.9641	     0
4.0377	     0	0.9657	     0
4.0473	     0	0.9674	     0
4.0568	     0	0.9690	     0
4.0664	     0	0.9707	     0
4.0760	     0	0.9724	     0
4.0855	     0	0.9740	     0
4.0951	     0	0.9757	     0
4.1047	     0	0.9773	     0
4.1143	     0	0.9790	     0
4.1238	     0	0.9807	     0
4.1334	     0	0.9823	     0
4.1430	     0	0.9840	     0
4.1525	     0	0.9856	     0
4.1621	     0	0.9873	     0
4.1717	     0	0.9890	     0
4.1813	     0	0.9906	     0
4.1908	     0	0.9923	     0
4.2004	     0	0.9939	     0
4.2100	     0	0.9956	     0
4.2195	     0	0.9973	     0
4.2291	     0	0.9989	     0
4.2387	     0	1.0006	     0
4.2482	     0	1.0022	     0
4.2578	     0	1.0039	     0
4.2674	     0	1.0056	     0
4.2770	     0	1.0072	     0
4.2865	     0	1.0089	     0
4.2961	     0	1.0105	     0
4.3057	     0	1.0122	     1
4.3152	     0	1.0139	     0
4.3248	     0	1.0155	     0
4.3344	     0	1.0172	     0
4.3439	     0	1.0188	     0
4.3535	     0	1.0205	     0
4.3631	     0	1.0222	     0
4.3727	     0	1.0238	     0
4.3822	     0	1.0255	     0
4.3918	     0	1.0271	     0
4.4014	     0	1.0288	     0
4.4109	     0	1.0305	     0
4.4205	     0	1.0321	     0
4.4301	     0	1.0338	     1
4.4396	     0	1.0354	     0
4.4492	     0	1.0371	     0
4.4588	     0	1.0388	     0
4.4684	     0	1.0404	     0
4.4779	     0	1.0421	     0
4.4875	     0	1.0438	     0
4.4971	     0	1.0454	     0
4.5066	     0	1.0471	     0
4.5162	     0	1.0487	     0
4.5258	     0	1.0504	     0
4.5354	     0	1.0521	     0
4.5449	     0	1.0537	     0
4.5545	     0	1.0554	     0
4.5641	     0	1.0570	     0
4.5736	     0	1.0587	     0
4.5832	     0	1.0604	     0
4.5928	     0	1.0620	     0
4.6023	     0	1.0637	     0
4.6119	     0	1.0653	     0
4.6215	     0	1.0670	     0
4.6311	     0	1.0687	     0
4.6406	     0	1.0703	     0
4.6502	     0	1.0720	     0
4.6598	     0	1.0736	     0
4.6693	     0	1.0753	     0
4.6789	     0	1.0770	     0
4.6885	     0	1.0786	     0
4.6980	     0	1.0803	     0
4.7076	     0	1.0819	     0
4.7172	     0	1.0836	     0
4.7268	     0	1.0853	     0
4.7363	     0	1.0869	     0
4.7459	     0	1.0886	     1
4.7555	     0	1.0902	     0
4.7650	     0	1.0919	     0
4.7746	     0	1.0936	     0
4.7842	     0	1.0952	     0
4.7938	     0	1.0969	     0
4.8033	     0	1.0985	     0
4.8129	     0	1.1002	     0
4.8225	     0	1.1019	     0
4.8320	     0	1.1035	     0
4.8416	     0	1.1052	     0
4.8512	     0	1.1068	     0
4.8607	     0	1.1085	     0
4.8703	     0	1.1102	     0
4.8799	     0	1.1118	     0
4.8895	     0	1.1135	     0
4.8990	     0	1.1151	     0
4.9086	     0	1.1168	     0
4.9182	     0	1.1185	     0
4.9277	     0	1.1201	     0
4.9373	     0	1.1218	     0
4.9469	     0	1.1234	     0
4.9564	     0	1.1251	     0
4.9660	     0	1.1268	     0
4.9756	     0	1.1284	     0
4.9852	     0	1.1301	     0
4.9947	     0	1.1317	     0
5.0043	     0	1.1334	     1
5.0139	     0	1.1351	     0
5.0234	     0	1.1367	     0
5.0330	     0	1.1384	     0
5.0426	     0	1.1400	     0
5.0521	     0	1.1417	     0
5.0617	     0	1.1434	     0
5.0713	     0	1.1450	     0
5.0809	     0	1.1467	     0
5.0904	     0	1.1483	     0
5.1000	     0	1.1500	     0
5.1096	     0	1.1517	     0
5.1191	     0	1.1533	     0
5.1287	     0	1.1550	     0
5.1383	     0	1.1566	     0
5.1479	     0	1.1583	     1
5.1574	     0	1.1600	     0
5.1670	     0	1.1616	     0
5.1766	     0	1.1633	     0
5.1861	     0	1.1649	     0
5.1957	     0	1.1666	     0
5.2053	     0	1.1683	     0
5.2148	     0	1.1699	     0
5.2244	     0	1.1716	     0
5.2340	     0	1.1732	     0
5.2436	     0	1.1749	     0
5.2531	     0	1.1766	     0
5.2627	     0	1.1782	     0
5.2723	     0	1.1799	     0
5.2818	     0	1.1815	     0
5.2914	     0	1.1832	     0
5.3010	     0	1.1849	     0
5.3105	     0	1.1865	     0
5.3201	     0	1.1882	     0
5.3297	     0	1.1898	     1
5.3393	     0	1.1915	     0
5.3488	     0	1.1932	     0
5.3584	     0	1.1948	     0
5.3680	     0	1.1965	     0
5.3775	     0	1.1981	     0
5.3871	     0	1.1998	     0
5.3967	     0	1.2015	     0
5.4063	     0	1.2031	     0
5.4158	     0	1.2048	     0
5.4254	     0	1.2064	     0
5.4350	     0	1.2081	     0
5.4445	     0	1.2098	     0
5.4541	     0	1.2114	     0
5.4637	     0	1.2131	     0
5.4732	     0	1.2147	     0
5.4828	     0	1.2164	     0
5.4924	     0	1.2181	     0
5.5020	     0	1.2197	     0
5.5115	     0	1.2214	     0
5.5211	     0	1.2230	     0
5.5307	     0	1.2247	     0
5.5402	     0	1.2264	     0
5.5498	     0	1.2280	     0
5.5594	     0	1.2297	     0
5.5689	     0	1.2313	     0
5.5785	     0	1.2330	     0
5.5881	     0	1.2347	     0
5.5977	     0	1.2363	     0
5.6072	     0	1.2380	     0
5.6168	     0	1.2396	     0
5.6264	     0	1.2413	     0
5.6359	     0	1.2430	     0
5.6455	     0	1.2446	     0
5.6551	     0	1.2463	     0
5.6646	     0	1.2479	     0
5.6742	     0	1.2496	     0
5.6838	     0	1.2513	     0
5.6934	     0	1.2529	     1
5.7029	     0	1.2546	     0
5.7125	     0	1.2562	     0
5.7221	     0	1.2579	     0
5.7316	     0	1.2596	     0
5.7412	     0	1.2612	     0
5.7508	     0	1.2629	     0
5.7604	     0	1.2646	     0
5.7699	     0	1.2662	     0
5.7795	     0	1.2679	     0
5.7891	     0	1.2695	     0
5.7986	     0	1.2712	     0
5.8082	     0	1.2729	     0
5.8178	     0	1.2745	     0
5.8273	     0	1.2762	     0
5.8369	     0	1.2778	     0
5.8465	     0	1.2795	     0
5.8561	     0	1.2812	     0
5.8656	     0	1.2828	     0
5.8752	     0	1.2845	     0
5.8848	     0	1.2861	     0
5.8943	     0	1.2878	     0
5.9039	     0	1.2895	     0
5.9135	     0	1.2911	     0
5.9230	     0	1.2928	     0
5.9326	     0	1.2944	     0
5.9422	     0	1.2961	     0
5.9518	     0	1.2978	     1
5.9613	     0	1.2994	     0
5.9709	     0	1.3011	     0
5.9805	     0	1.3027	     0
5.9900	     0	1.3044	     0
5.9996	     0	1.3061	     0
6.0092	     0	1.3077	     0
6.0188	     0	1.3094	     0
6.0283	     0	1.3110	     0
6.0379	     0	1.3127	     0
6.0475	     0	1.3144	     0
6.0570	     0	1.3160	     0
6.0666	     0	1.3177	     0
6.0762	     0	1.3193	     0
6.0857	     0	1.3210	     0
6.0953	     0	1.3227	     0
6.1049	     0	1.3243	     0
6.1145	     0	1.3260	     0
6.1240	     0	1.3276	     0
6.1336	     0	1.3293	     0
6.1432	     0	1.3310	     0
6.1527	     0	1.3326	     0
6.1623	     0	1.3343	     0
6.1719	     0	1.3359	     0
6.1814	     0	1.3376	     0
6.1910	     0	1.3393	     0
6.2006	     0	1.3409	     0
6.2102	     0	1.3426	     0
6.2197	     0	1.3442	     0
6.2293	     0	1.3459	     0
6.2389	     0	1.3476	     0
6.2484	     0	1.3492	     0
6.2580	     0	1.3509	     0
6.2676	     0	1.3525	     0
6.2771	     0	1.3542	     0
6.2867	     0	1.3559	     0
6.2963	     0	1.3575	     0
6.3059	     0	1.3592	     0
6.3154	     0	1.3608	     0
6.3250	     0	1.3625	     0
6.3346	     0	1.3642	     0
6.3441	     0	1.3658	     0
6.3537	     0	1.3675	     0
6.3633	     0	1.3691	     0
6.3729	     0	1.3708	     0
6.3824	     0	1.3725	     0
6.3920	     0	1.3741	     1
6.4016	     0	1.3758	     0
6.4111	     0	1.3774	     0
6.4207	     0	1.3791	     0
6.4303	     0	1.3808	     0
6.4398	     0	1.3824	     0
6.4494	     0	1.3841	     0
6.4590	     0	1.3857	     0
6.4686	     0	1.3874	     1
6.4781	     0	1.3891	     0
6.4877	     0	1.3907	     0
6.4973	     0	1.3924	     0
6.5068	     0	1.3940	     0
6.5164	     0	1.3957	     0
6.5260	     0	1.3974	     0
6.5355	     0	1.3990	     0
6.5451	     0	1.4007	     0
6.5547	     0	1.4023	     0
6.5643	     0	1.4040	     0
6.5738	     0	1.4057	     0
6.5834	     0	1.4073	     0
6.5930	     0	1.4090	     0
6.6025	     0	1.4106	     0
6.6121	     0	1.4123	     0
6.6217	     0	1.4140	     0
6.6313	     0	1.4156	     0
6.6408	     0	1.4173	     0
6.6504	     0	1.4189	     0
6.6600	     0	1.4206	     0
6.6695	     0	1.4223	     0
6.6791	     0	1.4239	     0
6.6887	     0	1.4256	     0
6.6982	     0	1.4272	     0
6.7078	     0	1.4289	     1
6.7174	     0	1.4306	     0
6.7270	     0	1.4322	     0
6.7365	     0	1.4339	     0
6.7461	     0	1.4355	     0
6.7557	     0	1.4372	     0
6.7652	     0	1.4389	     0
6.7748	     0	1.4405	     0
6.7844	     0	1.4422	     0
6.7939	     0	1.4438	     0
6.8035	     0	1.4455	     0
6.8131	     0	1.4472	     0
6.8227	     0	1.4488	     0
6.8322	     0	1.4505	     0
6.8418	     0	1.4521	     0
6.8514	     0	1.4538	     0
6.8609	     0	1.4555	     0
6.8705	     0	1.4571	     0
6.8801	     0	1.4588	     0
6.8896	     0	1.4604	     0
6.8992	     0	1.4621	     0
6.9088	     0	1.4638	     0
6.9184	     0	1.4654	     0
6.9279	     0	1.4671	     1
6.9375	     0	1.4688	     0
6.9471	     0	1.4704	     0
6.9566	     0	1.4721	     0
6.9662	     0	1.4737	     0
6.9758	     0	1.4754	     0
6.9854	     0	1.4771	     0
6.9949	     0	1.4787	     0
7.0045	     0	1.4804	     0
7.0141	     0	1.4820	     1
7.0236	     0	1.4837	     0
7.0332	     0	1.4854	     0
7.0428	     0	1.4870	     0
7.0523	     0	1.4887	     0
7.0619	     0	1.4903	     0
7.0715	     0	1.4920	     0
7.0811	     0	1.4937	     0
7.0906	     0	1.4953	     0
7.1002	     0	1.4970	     0
7.1098	     0	1.4986	     0
7.1193	     0	1.5003	     0
7.1289	     0	1.5020	     0
7.1385	     0	1.5036	     0
7.1480	     0	1.5053	     0
7.1576	     0	1.5069	     0
7.1672	     0	1.5086	     0
7.1768	     0	1.5103	     0
7.1863	     0	1.5119	     0
7.1959	     0	1.5136	     0
7.2055	     0	1.5152	     0
7.2150	     0	1.5169	     0
7.2246	     0	1.5186	     0
7.2342	     0	1.5202	     0
7.2438	     0	1.5219	     0
7.2533	     0	1.5235	     0
7.2629	     0	1.5252	     0
7.2725	     0	1.5269	     0
7.2820	     0	1.5285	     0
7.2916	     0	1.5302	     0
7.3012	     0	1.5318	     0
7.3107	     0	1.5335	     0
7.3203	     0	1.5352	     0
7.3299	     0	1.5368	     0
7.3395	     0	1.5385	     0
7.3490	     0	1.5401	     0
7.3586	     0	1.5418	     0
7.3682	     0	1.5435	     0
7.3777	     0	1.5451	     0
7.3873	     0	1.5468	     0
7.3969	     0	1.5484	     0
7.4064	     0	1.5501	     0
7.4160	     0	1.5518	     0
7.4256	     0	1.5534	     0
7.4352	     0	1.5551	     0
7.4447	     0	1.5567	     0
7.4543	     0	1.5584	     0
7.4639	     0	1.5601	     0
7.4734	     0	1.5617	     0
7.4830	     0	1.5634	     0
7.4926	     0	1.5650	     0
7.5021	     0	1.5667	     0
7.5117	     0	1.5684	     0
7.5213	     0	1.5700	     0
7.5309	     0	1.5717	     0
7.5404	     0	1.5733	     0
7.5500	     0	1.5750	     0
7.5596	     0	1.5767	     0
7.5691	     0	1.5783	     0
7.5787	     0	1.5800	     0
7.5883	     0	1.5816	     0
7.5979	     0	1.5833	     0
7.6074	     0	1.5850	     0
7.6170	     0	1.5866	     0
7.6266	     0	1.5883	     0
7.6361	     0	1.5899	     0
7.6457	     0	1.5916	     0
7.6553	     0	1.5933	     0
7.6648	     0	1.5949	     0
7.6744	     0	1.5966	     0
7.6840	     0	1.5982	     0
7.6936	     0	1.5999	     0
7.7031	     0	1.6016	     0
7.7127	     0	1.6032	     0
7.7223	     0	1.6049	     0
7.7318	     0	1.6065	     0
7.7414	     0	1.6082	     0
7.7510	     0	1.6099	     0
7.7605	     0	1.6115	     0
7.7701	     0	1.6132	     0
7.7797	     0	1.6148	     0
7.7893	     0	1.6165	     0
7.7988	     0	1.6182	     0
7.8084	     0	1.6198	     1
7.8180	     0	1.6215	     0
7.8275	     0	1.6231	     0
7.8371	     0	1.6248	     0
7.8467	     0	1.6265	     0
7.8563	     0	1.6281	     0
7.8658	     0	1.6298	     0
7.8754	     0	1.6314	     0
7.8850	     0	1.6331	     0
7.8945	     0	1.6348	     0
7.9041	     0	1.6364	     0
7.9137	     0	1.6381	     0
7.9232	     0	1.6397	     0
7.9328	     0	1.6414	     0
7.9424	     0	1.6431	     0
7.9520	     0	1.6447	     0
7.9615	     0	1.6464	     0
7.9711	     0	1.6480	     0
7.9807	     0	1.6497	     0
7.9902	     0	1.6514	     0
7.9998	     0	1.6530	     0
8.0094	     0	1.6547	     0
8.0189	     0	1.6563	     0
8.0285	     0	1.6580	     0
8.0381	     0	1.6597	     0
8.0477	     0	1.6613	     0
8.0572	     0	1.6630	     0
8.0668	     0	1.6646	     0
8.0764	     0	1.6663	     0
8.0859	     0	1.6680	     0
8.0955	     0	1.6696	     0
8.1051	     0	1.6713	     0
8.1146	     0	1.6729	     0
8.1242	     0	1.6746	     0
8.1338	     0	1.6763	     0
8.1434	     0	1.6779	     0
8.1529	     0	1.6796	     0
8.1625	     0	1.6812	     0
8.1721	     0	1.6829	     0
8.1816	     0	1.6846	     0
8.1912	     0	1.6862	     0
8.2008	     0	1.6879	     1
8.2104	     0	1.6896	     0
8.2199	     0	1.6912	     0
8.2295	     0	1.6929	     0
8.2391	     0	1.6945	     0
8.2486	     0	1.6962	     0
8.2582	     0	1.6979	     0
8.2678	     0	1.6995	     0
8.2773	     0	1.7012	     0
8.2869	     0	1.7028	     0
8.2965	     0	1.7045	     0
8.3061	     0	1.7062	     0
8.3156	     0	1.7078	     0
8.3252	     0	1.7095	     0
8.3348	     0	1.7111	     0
8.3443	     0	1.7128	     0
8.3539	     0	1.7145	     0
8.3635	     0	1.7161	     0
8.3730	     0	1.7178	     0
8.3826	     0	1.7194	     0
8.3922	     0	1.7211	     0
8.4018	     0	1.7228	     0
8.4113	     0	1.7244	     1
8.4209	     0	1.7261	     0
8.4305	     0	1.7277	     0
8.4400	     0	1.7294	     0
8.4496	     0	1.7311	     0
8.4592	     0	1.7327	     0
8.4688	     0	1.7344	     0
8.4783	     0	1.7360	     0
8.4879	     0	1.7377	     0
8.4975	     0	1.7394	     0
8.5070	     0	1.7410	     0
8.5166	     0	1.7427	     0
8.5262	     0	1.7443	     0
8.5357	     0	1.7460	     0
8.5453	     0	1.7477	     0
8.5549	     0	1.7493	     0
8.5645	     0	1.7510	     0
8.5740	     0	1.7526	     0
8.5836	     0	1.7543	     0
8.5932	     0	1.7560	     1
8.6027	     0	1.7576	     0
8.6123	     0	1.7593	     0
8.6219	     0	1.7609	     0
8.6314	     0	1.7626	     0
8.6410	     0	1.7643	     0
8.6506	     0	1.7659	     0
8.6602	     0	1.7676	     0
8.6697	     0	1.7692	     0
8.6793	     0	1.7709	     0
8.6889	     0	1.7726	     0
8.6984	     0	1.7742	     0
8.7080	     0	1.7759	     0
8.7176	     0	1.7775	     0
8.7271	     0	1.7792	     0
8.7367	     0	1.7809	     0
8.7463	     0	1.7825	     0
8.7559	     0	1.7842	     0
8.7654	     0	1.7858	     0
8.7750	     0	1.7875	     0
8.7846	     0	1.7892	     0
8.7941	     0	1.7908	     0
8.8037	     0	1.7925	     0
8.8133	     0	1.7941	     0
8.8229	     0	1.7958	     0
8.8324	     0	1.7975	     0
8.8420	     0	1.7991	     0
8.8516	     0	1.8008	     0
8.8611	     0	1.8024	     0
8.8707	     0	1.8041	     0
8.8803	     0	1.8058	     0
8.8898	     0	1.8074	     0
8.8994	     0	1.8091	     0
8.9090	     0	1.8107	     0
8.9186	     0	1.8124	     0
8.9281	     0	1.8141	     0
8.9377	     0	1.8157	     0
8.9473	     0	1.8174	     0
8.9568	     0	1.8190	     0
8.9664	     0	1.8207	     0
8.9760	     0	1.8224	     0
8.9855	     0	1.8240	     0
8.9951	     0	1.8257	     0
9.0047	     0	1.8273	     0
9.0143	     0	1.8290	     0
9.0238	     0	1.8307	     0
9.0334	     0	1.8323	     0
9.0430	     0	1.8340	     0
9.0525	     0	1.8356	     0
9.0621	     0	1.8373	     0
9.0717	     0	1.8390	     0
9.0813	     0	1.8406	     0
9.0908	     0	1.8423	     0
9.1004	     0	1.8439	     0
9.1100	     0	1.8456	     0
9.1195	     0	1.8473	     1
9.1291	     0	1.8489	     0
9.1387	     0	1.8506	     0
9.1482	     0	1.8522	     0
9.1578	     0	1.8539	     0
9.1674	     0	1.8556	     0
9.1770	     0	1.8572	     0
9.1865	     0	1.8589	     0
9.1961	     0	1.8605	     0
9.2057	     0	1.8622	     0
9.2152	     0	1.8639	     0
9.2248	     0	1.8655	     0
9.2344	     0	1.8672	     0
9.2439	     0	1.8688	     0
9.2535	     0	1.8705	     0
9.2631	     0	1.8722	     0
9.2727	     0	1.8738	     0
9.2822	     0	1.8755	     0
9.2918	     0	1.8771	     0
9.3014	     0	1.8788	     0
9.3109	     0	1.8805	     0
9.3205	     0	1.8821	     0
9.3301	     0	1.8838	     0
9.3396	     0	1.8854	     0
9.3492	     0	1.8871	     0
9.3588	     0	1.8888	     1
9.3684	     0	1.8904	     0
9.3779	     0	1.8921	     0
9.3875	     0	1.8938	     0
9.3971	     0	1.8954	     0
9.4066	     0	1.8971	     0
9.4162	     0	1.8987	     0
9.4258	     0	1.9004	     0
9.4354	     0	1.9021	     0
9.4449	     0	1.9037	     0
9.4545	     0	1.9054	     0
9.4641	     0	1.9070	     0
9.4736	     0	1.9087	     0
9.4832	     0	1.9104	     0
9.4928	     0	1.9120	     0
9.5023	     0	1.9137	     0
9.5119	     0	1.9153	     0
9.5215	     0	1.9170	     0
9.5311	     0	1.9187	     0
9.5406	     0	1.9203	     0
9.5502	     0	1.9220	     0
9.5598	     0	1.9236	     0
9.5693	     0	1.9253	     0
9.5789	     0	1.9270	     0
9.5885	     0	1.9286	     0
9.5980	     0	1.9303	     0
9.6076	     0	1.9319	     0
9.6172	     0	1.9336	     0
9.6268	     0	1.9353	     0
9.6363	     0	1.9369	     1
9.6459	     0	1.9386	     0
9.6555	     0	1.9402	     0
9.6650	     0	1.9419	     0
9.6746	     0	1.9436	     0
9.6842	     0	1.9452	     0
9.6937	     0	1.9469	     0
9.7033	     0	1.9485	     0
9.7129	     0	1.9502	     0
9.7225	     0	1.9519	     0
9.7320	     0	1.9535	     0
9.7416	     0	1.9552	     0
9.7512	     0	1.9568	     0
9.7607	     0	1.9585	     0
9.7703	     0	1.9602	     0
9.7799	     0	1.9618	     0
9.7895	     0	1.9635	     0
9.7990	     0	1.9651	     0
9.8086	     0	1.9668	     0
9.8182	     0	1.9685	     0
9.8277	     0	1.9701	     0
9.8373	     0	1.9718	     0
9.8469	     0	1.9734	     0
9.8564	     0	1.9751	     0
9.8660	     0	1.9768	     0
9.8756	     0	1.9784	     0
9.8852	     0	1.9801	     0
9.8947	     0	1.9817	     0
9.9043	     0	1.9834	     0
9.9139	     0	1.9851	     0
9.9234	     0	1.9867	     0
9.9330	     0	1.9884	     0
9.9426	     0	1.9900	     0
9.9521	     0	1.9917	     0
9.9617	     0	1.9934	     0
9.9713	     0	1.9950	     0
9.9809	     0	1.9967	     0
9.9904	     0	1.9983	     0
