02/07/2019 13:45:04
LT: 180.34

0.2000	  1424	0.3000	     0
0.2096	  1555	0.3017	     0
0.2191	  1645	0.3033	     0
0.2287	  1595	0.3050	     0
0.2383	  1761	0.3066	     0
0.2479	  1717	0.3083	     0
0.2574	  1733	0.3100	     0
0.2670	  1772	0.3116	     0
0.2766	  1878	0.3133	     0
0.2861	  1945	0.3149	     0
0.2957	  1944	0.3166	     0
0.3053	  1963	0.3183	     0
0.3148	  2067	0.3199	     0
0.3244	  2156	0.3216	     0
0.3340	  2142	0.3232	     0
0.3436	  2238	0.3249	     0
0.3531	  2338	0.3266	     0
0.3627	  2400	0.3282	     0
0.3723	  2582	0.3299	     0
0.3818	  2758	0.3315	     2
0.3914	  2770	0.3332	     0
0.4010	  2787	0.3349	     0
0.4105	  2669	0.3365	     2
0.4201	  2567	0.3382	     1
0.4297	  2500	0.3398	     0
0.4393	  2572	0.3415	     0
0.4488	  2526	0.3432	     0
0.4584	  2582	0.3448	     1
0.4680	  2577	0.3465	     0
0.4775	  2449	0.3481	     0
0.4871	  2401	0.3498	     0
0.4967	  2566	0.3515	     0
0.5063	  2472	0.3531	     2
0.5158	  2490	0.3548	     1
0.5254	  2492	0.3564	     1
0.5350	  2593	0.3581	     1
0.5445	  2549	0.3598	     1
0.5541	  2615	0.3614	     2
0.5637	  2520	0.3631	     2
0.5732	  2572	0.3647	     0
0.5828	  2501	0.3664	     0
0.5924	  2716	0.3681	     0
0.6020	  2587	0.3697	     0
0.6115	  2681	0.3714	     1
0.6211	  2579	0.3730	     0
0.6307	  2662	0.3747	     0
0.6402	  2645	0.3764	     0
0.6498	  2706	0.3780	     1
0.6594	  2729	0.3797	     1
0.6689	  2675	0.3813	     0
0.6785	  2721	0.3830	     0
0.6881	  2810	0.3847	     0
0.6977	  2727	0.3863	     0
0.7072	  2662	0.3880	     0
0.7168	  2698	0.3896	     0
0.7264	  2781	0.3913	     1
0.7359	  2659	0.3930	     0
0.7455	  2698	0.3946	     1
0.7551	  2816	0.3963	     0
0.7646	  2810	0.3979	     0
0.7742	  2772	0.3996	     0
0.7838	  2786	0.4013	     0
0.7934	  2738	0.4029	     0
0.8029	  2847	0.4046	     2
0.8125	  3082	0.4063	     1
0.8221	  3125	0.4079	     0
0.8316	  3215	0.4096	     0
0.8412	  3278	0.4112	     0
0.8508	  3244	0.4129	     2
0.8604	  3414	0.4146	     0
0.8699	  3443	0.4162	     0
0.8795	  3473	0.4179	     0
0.8891	  3416	0.4195	     2
0.8986	  3403	0.4212	     0
0.9082	  3432	0.4229	     0
0.9178	  3230	0.4245	     0
0.9273	  3274	0.4262	     0
0.9369	  3092	0.4278	     0
0.9465	  3106	0.4295	     0
0.9561	  3024	0.4312	     0
0.9656	  2968	0.4328	     0
0.9752	  2974	0.4345	     0
0.9848	  3021	0.4361	     0
0.9943	  2891	0.4378	     1
1.0039	  2913	0.4395	     1
1.0135	  2816	0.4411	     3
1.0230	  2889	0.4428	     1
1.0326	  2850	0.4444	     0
1.0422	  2805	0.4461	     1
1.0518	  2905	0.4478	     1
1.0613	  2854	0.4494	     1
1.0709	  2867	0.4511	     0
1.0805	  2800	0.4527	     0
1.0900	  2921	0.4544	     0
1.0996	  2869	0.4561	     0
1.1092	  2738	0.4577	     0
1.1188	  2702	0.4594	     0
1.1283	  2669	0.4610	     0
1.1379	  2649	0.4627	     0
1.1475	  2571	0.4644	     0
1.1570	  2545	0.4660	     1
1.1666	  2582	0.4677	     0
1.1762	  2488	0.4693	     0
1.1857	  2467	0.4710	     0
1.1953	  2395	0.4727	     0
1.2049	  2442	0.4743	     0
1.2145	  2324	0.4760	     0
1.2240	  2430	0.4776	     0
1.2336	  2419	0.4793	     0
1.2432	  2275	0.4810	     0
1.2527	  2345	0.4826	     2
1.2623	  2268	0.4843	     0
1.2719	  2285	0.4859	     0
1.2814	  2255	0.4876	     0
1.2910	  2339	0.4893	     0
1.3006	  2213	0.4909	     0
1.3102	  2236	0.4926	     0
1.3197	  2258	0.4942	     0
1.3293	  2273	0.4959	     0
1.3389	  2268	0.4976	     1
1.3484	  2250	0.4992	     0
1.3580	  2239	0.5009	     1
1.3676	  2189	0.5025	     1
1.3771	  2265	0.5042	     2
1.3867	  2249	0.5059	     1
1.3963	  2243	0.5075	     1
1.4059	  2259	0.5092	     1
1.4154	  2194	0.5108	     0
1.4250	  2243	0.5125	     0
1.4346	  2164	0.5142	     0
1.4441	  2294	0.5158	     0
1.4537	  2224	0.5175	     0
1.4633	  2259	0.5191	     0
1.4729	  2213	0.5208	     0
1.4824	  2234	0.5225	     1
1.4920	  2214	0.5241	     1
1.5016	  2165	0.5258	     0
1.5111	  2096	0.5274	     0
1.5207	  2149	0.5291	     0
1.5303	  2158	0.5308	     0
1.5398	  2187	0.5324	     0
1.5494	  2015	0.5341	     0
1.5590	  1953	0.5357	     1
1.5686	  1924	0.5374	     0
1.5781	  1968	0.5391	     0
1.5877	  1793	0.5407	     0
1.5973	  1783	0.5424	     0
1.6068	  1708	0.5440	     0
1.6164	  1749	0.5457	     0
1.6260	  1692	0.5474	     0
1.6355	  1591	0.5490	     0
1.6451	  1519	0.5507	     0
1.6547	  1507	0.5523	     2
1.6643	  1481	0.5540	     0
1.6738	  1503	0.5557	     0
1.6834	  1426	0.5573	     0
1.6930	  1444	0.5590	     0
1.7025	  1465	0.5606	     1
1.7121	  1434	0.5623	     1
1.7217	  1336	0.5640	     0
1.7313	  1368	0.5656	     0
1.7408	  1355	0.5673	     0
1.7504	  1326	0.5689	     1
1.7600	  1353	0.5706	     0
1.7695	  1266	0.5723	     2
1.7791	  1323	0.5739	     1
1.7887	  1311	0.5756	     0
1.7982	  1275	0.5772	     0
1.8078	  1313	0.5789	     1
1.8174	  1258	0.5806	     0
1.8270	  1328	0.5822	     0
1.8365	  1231	0.5839	     1
1.8461	  1330	0.5855	     0
1.8557	  1288	0.5872	     1
1.8652	  1245	0.5889	     1
1.8748	  1223	0.5905	     1
1.8844	  1275	0.5922	     0
1.8939	  1277	0.5938	     0
1.9035	  1256	0.5955	     0
1.9131	  1276	0.5972	     1
1.9227	  1293	0.5988	     1
1.9322	  1264	0.6005	     0
1.9418	  1276	0.6021	     0
1.9514	  1238	0.6038	     0
1.9609	  1282	0.6055	     0
1.9705	  1231	0.6071	     0
1.9801	  1261	0.6088	     0
1.9896	  1255	0.6104	     0
1.9992	  1283	0.6121	     1
2.0088	  1269	0.6138	     0
2.0184	  1308	0.6154	     2
2.0279	  1339	0.6171	     0
2.0375	  1282	0.6187	     0
2.0471	  1368	0.6204	     0
2.0566	  1368	0.6221	     1
2.0662	  1403	0.6237	     0
2.0758	  1337	0.6254	     2
2.0854	  1468	0.6271	     0
2.0949	  1428	0.6287	     0
2.1045	  1396	0.6304	     0
2.1141	  1438	0.6320	     0
2.1236	  1450	0.6337	     0
2.1332	  1505	0.6354	     1
2.1428	  1445	0.6370	     1
2.1523	  1541	0.6387	     0
2.1619	  1577	0.6403	     1
2.1715	  1502	0.6420	     0
2.1811	  1512	0.6437	     0
2.1906	  1576	0.6453	     0
2.2002	  1666	0.6470	     1
2.2098	  1716	0.6486	     0
2.2193	  1751	0.6503	     1
2.2289	  1766	0.6520	     0
2.2385	  1917	0.6536	     1
2.2480	  2017	0.6553	     0
2.2576	  2153	0.6569	     0
2.2672	  2241	0.6586	     0
2.2768	  2532	0.6603	     0
2.2863	  2726	0.6619	     0
2.2959	  2993	0.6636	     0
2.3055	  3488	0.6652	     1
2.3150	  3898	0.6669	     1
2.3246	  4316	0.6686	     0
2.3342	  4910	0.6702	     0
2.3438	  5713	0.6719	     0
2.3533	  6416	0.6735	     1
2.3629	  7120	0.6752	     0
2.3725	  7941	0.6769	     1
2.3820	  8830	0.6785	     1
2.3916	 10093	0.6802	     0
2.4012	 11022	0.6818	     1
2.4107	 11849	0.6835	     0
2.4203	 13319	0.6852	     0
2.4299	 14329	0.6868	     0
2.4395	 15022	0.6885	     0
2.4490	 16122	0.6901	     0
2.4586	 17047	0.6918	     0
2.4682	 17680	0.6935	     0
2.4777	 18062	0.6951	     1
2.4873	 18682	0.6968	     0
2.4969	 18634	0.6984	     0
2.5064	 18684	0.7001	     0
2.5160	 18159	0.7018	     0
2.5256	 17797	0.7034	     1
2.5352	 16980	0.7051	     0
2.5447	 16354	0.7067	     0
2.5543	 15155	0.7084	     0
2.5639	 13889	0.7101	     0
2.5734	 13025	0.7117	     0
2.5830	 11710	0.7134	     0
2.5926	 10392	0.7150	     0
2.6021	  9324	0.7167	     2
2.6117	  7886	0.7184	     0
2.6213	  7013	0.7200	     0
2.6309	  5956	0.7217	     0
2.6404	  5137	0.7233	     1
2.6500	  4242	0.7250	     0
2.6596	  3574	0.7267	     0
2.6691	  2996	0.7283	     0
2.6787	  2411	0.7300	     0
2.6883	  1973	0.7316	     0
2.6979	  1675	0.7333	     0
2.7074	  1388	0.7350	     1
2.7170	  1223	0.7366	     1
2.7266	  1051	0.7383	     0
2.7361	   946	0.7399	     0
2.7457	   803	0.7416	     0
2.7553	   798	0.7433	     0
2.7648	   711	0.7449	     0
2.7744	   693	0.7466	     1
2.7840	   669	0.7482	     2
2.7936	   620	0.7499	     1
2.8031	   683	0.7516	     1
2.8127	   634	0.7532	     0
2.8223	   626	0.7549	     0
2.8318	   623	0.7565	     0
2.8414	   622	0.7582	     0
2.8510	   646	0.7599	     0
2.8605	   615	0.7615	     0
2.8701	   599	0.7632	     2
2.8797	   637	0.7648	     0
2.8893	   627	0.7665	     0
2.8988	   640	0.7682	     0
2.9084	   621	0.7698	     0
2.9180	   664	0.7715	     1
2.9275	   619	0.7731	     0
2.9371	   620	0.7748	     1
2.9467	   637	0.7765	     0
2.9563	   667	0.7781	     2
2.9658	   617	0.7798	     1
2.9754	   676	0.7814	     2
2.9850	   618	0.7831	     0
2.9945	   594	0.7848	     0
3.0041	   640	0.7864	     0
3.0137	   643	0.7881	     0
3.0232	   623	0.7897	     0
3.0328	   669	0.7914	     2
3.0424	   667	0.7931	     1
3.0520	   633	0.7947	     0
3.0615	   646	0.7964	     0
3.0711	   608	0.7980	     0
3.0807	   645	0.7997	     1
3.0902	   607	0.8014	     0
3.0998	   668	0.8030	     1
3.1094	   561	0.8047	     1
3.1189	   668	0.8063	     0
3.1285	   645	0.8080	     1
3.1381	   612	0.8097	     0
3.1477	   639	0.8113	     2
3.1572	   647	0.8130	     0
3.1668	   631	0.8146	     0
3.1764	   678	0.8163	     2
3.1859	   637	0.8180	     0
3.1955	   630	0.8196	     0
3.2051	   610	0.8213	     0
3.2146	   673	0.8229	     0
3.2242	   659	0.8246	     0
3.2338	   663	0.8263	     1
3.2434	   623	0.8279	     0
3.2529	   638	0.8296	     0
3.2625	   636	0.8313	     1
3.2721	   647	0.8329	     0
3.2816	   648	0.8346	     0
3.2912	   669	0.8362	     0
3.3008	   613	0.8379	     0
3.3104	   642	0.8396	     1
3.3199	   655	0.8412	     0
3.3295	   669	0.8429	     0
3.3391	   631	0.8445	     1
3.3486	   640	0.8462	     0
3.3582	   657	0.8479	     1
3.3678	   643	0.8495	     1
3.3773	   680	0.8512	     1
3.3869	   650	0.8528	     0
3.3965	   659	0.8545	     0
3.4061	   676	0.8562	     1
3.4156	   647	0.8578	     0
3.4252	   672	0.8595	     0
3.4348	   647	0.8611	     1
3.4443	   665	0.8628	     0
3.4539	   663	0.8645	     1
3.4635	   649	0.8661	     0
3.4730	   611	0.8678	     1
3.4826	   678	0.8694	     0
3.4922	   676	0.8711	     0
3.5018	   635	0.8728	     0
3.5113	   627	0.8744	     0
3.5209	   690	0.8761	     0
3.5305	   655	0.8777	     0
3.5400	   643	0.8794	     0
3.5496	   650	0.8811	     1
3.5592	   731	0.8827	     0
3.5688	   697	0.8844	     0
3.5783	   705	0.8860	     0
3.5879	   702	0.8877	     0
3.5975	   675	0.8894	     0
3.6070	   679	0.8910	     0
3.6166	   687	0.8927	     0
3.6262	   663	0.8943	     0
3.6357	   692	0.8960	     0
3.6453	   685	0.8977	     1
3.6549	   703	0.8993	     0
3.6645	   718	0.9010	     1
3.6740	   700	0.9026	     0
3.6836	   729	0.9043	     2
3.6932	   713	0.9060	     0
3.7027	   747	0.9076	     0
3.7123	   701	0.9093	     0
3.7219	   776	0.9109	     0
3.7314	   737	0.9126	     0
3.7410	   685	0.9143	     1
3.7506	   699	0.9159	     1
3.7602	   672	0.9176	     0
3.7697	   748	0.9192	     0
3.7793	   751	0.9209	     0
3.7889	   747	0.9226	     1
3.7984	   695	0.9242	     0
3.8080	   734	0.9259	     2
3.8176	   723	0.9275	     0
3.8271	   704	0.9292	     1
3.8367	   760	0.9309	     1
3.8463	   733	0.9325	     0
3.8559	   740	0.9342	     0
3.8654	   738	0.9358	     1
3.8750	   791	0.9375	     0
3.8846	   720	0.9392	     1
3.8941	   711	0.9408	     0
3.9037	   718	0.9425	     0
3.9133	   744	0.9441	     0
3.9229	   742	0.9458	     0
3.9324	   758	0.9475	     0
3.9420	   750	0.9491	     0
3.9516	   728	0.9508	     0
3.9611	   746	0.9524	     1
3.9707	   767	0.9541	     0
3.9803	   759	0.9558	     1
3.9898	   801	0.9574	     0
3.9994	   786	0.9591	     0
4.0090	   723	0.9607	     1
4.0186	   731	0.9624	     0
4.0281	   723	0.9641	     0
4.0377	   753	0.9657	     0
4.0473	   737	0.9674	     0
4.0568	   821	0.9690	     0
4.0664	   745	0.9707	     0
4.0760	   788	0.9724	     0
4.0855	   765	0.9740	     0
4.0951	   741	0.9757	     0
4.1047	   756	0.9773	     0
4.1143	   792	0.9790	     1
4.1238	   833	0.9807	     0
4.1334	   793	0.9823	     0
4.1430	   833	0.9840	     0
4.1525	   917	0.9856	     1
4.1621	   990	0.9873	     0
4.1717	   932	0.9890	     0
4.1813	   987	0.9906	     0
4.1908	   979	0.9923	     0
4.2004	   961	0.9939	     0
4.2100	   987	0.9956	     0
4.2195	  1042	0.9973	     0
4.2291	  1056	0.9989	     0
4.2387	  1025	1.0006	     0
4.2482	  1088	1.0022	     2
4.2578	  1103	1.0039	     1
4.2674	  1164	1.0056	     0
4.2770	  1159	1.0072	     0
4.2865	  1273	1.0089	     0
4.2961	  1264	1.0105	     0
4.3057	  1304	1.0122	     0
4.3152	  1281	1.0139	     0
4.3248	  1249	1.0155	     1
4.3344	  1210	1.0172	     0
4.3439	  1155	1.0188	     2
4.3535	  1115	1.0205	     0
4.3631	  1138	1.0222	     0
4.3727	  1061	1.0238	     0
4.3822	  1046	1.0255	     1
4.3918	  1158	1.0271	     1
4.4014	  1096	1.0288	     2
4.4109	  1122	1.0305	     0
4.4205	  1104	1.0321	     0
4.4301	  1111	1.0338	     1
4.4396	  1154	1.0354	     1
4.4492	  1091	1.0371	     1
4.4588	  1173	1.0388	     0
4.4684	  1167	1.0404	     0
4.4779	  1186	1.0421	     0
4.4875	  1146	1.0438	     2
4.4971	  1258	1.0454	     0
4.5066	  1250	1.0471	     0
4.5162	  1351	1.0487	     1
4.5258	  1355	1.0504	     1
4.5354	  1447	1.0521	     1
4.5449	  1426	1.0537	     0
4.5545	  1368	1.0554	     1
4.5641	  1330	1.0570	     0
4.5736	  1267	1.0587	     0
4.5832	  1228	1.0604	     0
4.5928	  1268	1.0620	     0
4.6023	  1191	1.0637	     0
4.6119	  1193	1.0653	     2
4.6215	  1104	1.0670	     0
4.6311	   950	1.0687	     0
4.6406	   792	1.0703	     0
4.6502	   697	1.0720	     0
4.6598	   554	1.0736	     0
4.6693	   518	1.0753	     0
4.6789	   548	1.0770	     1
4.6885	   526	1.0786	     1
4.6980	   544	1.0803	     0
4.7076	   496	1.0819	     0
4.7172	   512	1.0836	     0
4.7268	   501	1.0853	     0
4.7363	   507	1.0869	     0
4.7459	   478	1.0886	     1
4.7555	   464	1.0902	     1
4.7650	   489	1.0919	     0
4.7746	   482	1.0936	     2
4.7842	   485	1.0952	     1
4.7938	   469	1.0969	     1
4.8033	   486	1.0985	     0
4.8129	   428	1.1002	     0
4.8225	   486	1.1019	     0
4.8320	   478	1.1035	     0
4.8416	   488	1.1052	     0
4.8512	   413	1.1068	     0
4.8607	   463	1.1085	     1
4.8703	   467	1.1102	     0
4.8799	   471	1.1118	     0
4.8895	   423	1.1135	     0
4.8990	   412	1.1151	     0
4.9086	   430	1.1168	     0
4.9182	   445	1.1185	     1
4.9277	   443	1.1201	     0
4.9373	   453	1.1218	     0
4.9469	   480	1.1234	     0
4.9564	   461	1.1251	     0
4.9660	   470	1.1268	     0
4.9756	   456	1.1284	     0
4.9852	   445	1.1301	     0
4.9947	   434	1.1317	     0
5.0043	   420	1.1334	     0
5.0139	   412	1.1351	     0
5.0234	   410	1.1367	     0
5.0330	   420	1.1384	     1
5.0426	   397	1.1400	     0
5.0521	   433	1.1417	     0
5.0617	   357	1.1434	     0
5.0713	   390	1.1450	     0
5.0809	   429	1.1467	     0
5.0904	   395	1.1483	     0
5.1000	   398	1.1500	     0
5.1096	   378	1.1517	     0
5.1191	   400	1.1533	     0
5.1287	   378	1.1550	     0
5.1383	   392	1.1566	     1
5.1479	   415	1.1583	     0
5.1574	   395	1.1600	     0
5.1670	   406	1.1616	     1
5.1766	   392	1.1633	     0
5.1861	   395	1.1649	     0
5.1957	   417	1.1666	     0
5.2053	   397	1.1683	     1
5.2148	   401	1.1699	     0
5.2244	   390	1.1716	     0
5.2340	   413	1.1732	     0
5.2436	   442	1.1749	     0
5.2531	   399	1.1766	     0
5.2627	   420	1.1782	     0
5.2723	   387	1.1799	     1
5.2818	   435	1.1815	     0
5.2914	   412	1.1832	     0
5.3010	   396	1.1849	     0
5.3105	   425	1.1865	     1
5.3201	   403	1.1882	     0
5.3297	   388	1.1898	     0
5.3393	   425	1.1915	     0
5.3488	   382	1.1932	     0
5.3584	   376	1.1948	     1
5.3680	   429	1.1965	     1
5.3775	   406	1.1981	     0
5.3871	   414	1.1998	     1
5.3967	   433	1.2015	     1
5.4063	   355	1.2031	     1
5.4158	   427	1.2048	     0
5.4254	   404	1.2064	     0
5.4350	   402	1.2081	     0
5.4445	   396	1.2098	     0
5.4541	   413	1.2114	     0
5.4637	   420	1.2131	     1
5.4732	   412	1.2147	     0
5.4828	   412	1.2164	     0
5.4924	   431	1.2181	     1
5.5020	   397	1.2197	     0
5.5115	   462	1.2214	     1
5.5211	   438	1.2230	     0
5.5307	   499	1.2247	     0
5.5402	   475	1.2264	     0
5.5498	   528	1.2280	     0
5.5594	   534	1.2297	     1
5.5689	   568	1.2313	     0
5.5785	   587	1.2330	     0
5.5881	   635	1.2347	     1
5.5977	   640	1.2363	     0
5.6072	   805	1.2380	     0
5.6168	   853	1.2396	     1
5.6264	   981	1.2413	     1
5.6359	  1211	1.2430	     0
5.6455	  1304	1.2446	     0
5.6551	  1664	1.2463	     0
5.6646	  1803	1.2479	     1
5.6742	  2196	1.2496	     0
5.6838	  2444	1.2513	     0
5.6934	  2813	1.2529	     0
5.7029	  3330	1.2546	     0
5.7125	  3760	1.2562	     0
5.7221	  4228	1.2579	     1
5.7316	  4782	1.2596	     1
5.7412	  5373	1.2612	     0
5.7508	  5795	1.2629	     0
5.7604	  6581	1.2646	     1
5.7699	  7572	1.2662	     0
5.7795	  7993	1.2679	     0
5.7891	  8226	1.2695	     1
5.7986	  8440	1.2712	     0
5.8082	  8556	1.2729	     0
5.8178	  8234	1.2745	     0
5.8273	  8194	1.2762	     0
5.8369	  7706	1.2778	     0
5.8465	  7366	1.2795	     0
5.8561	  6797	1.2812	     0
5.8656	  6217	1.2828	     1
5.8752	  5554	1.2845	     0
5.8848	  4887	1.2861	     0
5.8943	  4281	1.2878	     0
5.9039	  3607	1.2895	     1
5.9135	  3111	1.2911	     1
5.9230	  2536	1.2928	     0
5.9326	  2049	1.2944	     0
5.9422	  1603	1.2961	     0
5.9518	  1236	1.2978	     0
5.9613	  1020	1.2994	     0
5.9709	   740	1.3011	     0
5.9805	   502	1.3027	     0
5.9900	   416	1.3044	     0
5.9996	   314	1.3061	     0
6.0092	   217	1.3077	     0
6.0188	   184	1.3094	     2
6.0283	   137	1.3110	     1
6.0379	   101	1.3127	     0
6.0475	    84	1.3144	     0
6.0570	    66	1.3160	     0
6.0666	    61	1.3177	     0
6.0762	    65	1.3193	     0
6.0857	    71	1.3210	     1
6.0953	    64	1.3227	     0
6.1049	    85	1.3243	     0
6.1145	    90	1.3260	     0
6.1240	    70	1.3276	     1
6.1336	    67	1.3293	     0
6.1432	    91	1.3310	     0
6.1527	    83	1.3326	     0
6.1623	    81	1.3343	     0
6.1719	    66	1.3359	     1
6.1814	    95	1.3376	     1
6.1910	    58	1.3393	     0
6.2006	    57	1.3409	     1
6.2102	    52	1.3426	     0
6.2197	    62	1.3442	     0
6.2293	    54	1.3459	     0
6.2389	    37	1.3476	     1
6.2484	    33	1.3492	     0
6.2580	    56	1.3509	     1
6.2676	    43	1.3525	     0
6.2771	    36	1.3542	     0
6.2867	    37	1.3559	     0
6.2963	    34	1.3575	     0
6.3059	    36	1.3592	     0
6.3154	    36	1.3608	     0
6.3250	    28	1.3625	     0
6.3346	    20	1.3642	     1
6.3441	    30	1.3658	     0
6.3537	    26	1.3675	     0
6.3633	    20	1.3691	     0
6.3729	    30	1.3708	     0
6.3824	    27	1.3725	     0
6.3920	    25	1.3741	     0
6.4016	    26	1.3758	     0
6.4111	    22	1.3774	     0
6.4207	    19	1.3791	     0
6.4303	    18	1.3808	     0
6.4398	    23	1.3824	     0
6.4494	    25	1.3841	     0
6.4590	    31	1.3857	     0
6.4686	    32	1.3874	     0
6.4781	    35	1.3891	     0
6.4877	    31	1.3907	     0
6.4973	    34	1.3924	     0
6.5068	    44	1.3940	     0
6.5164	    40	1.3957	     0
6.5260	    54	1.3974	     1
6.5355	    42	1.3990	     0
6.5451	    49	1.4007	     0
6.5547	    54	1.4023	     0
6.5643	    57	1.4040	     0
6.5738	    55	1.4057	     0
6.5834	    54	1.4073	     0
6.5930	    50	1.4090	     1
6.6025	    42	1.4106	     0
6.6121	    46	1.4123	     0
6.6217	    45	1.4140	     0
6.6313	    43	1.4156	     0
6.6408	    49	1.4173	     0
6.6504	    28	1.4189	     0
6.6600	    49	1.4206	     0
6.6695	    44	1.4223	     1
6.6791	    34	1.4239	     0
6.6887	    53	1.4256	     0
6.6982	    48	1.4272	     0
6.7078	    69	1.4289	     0
6.7174	    34	1.4306	     0
6.7270	    41	1.4322	     0
6.7365	    51	1.4339	     0
6.7461	    52	1.4355	     0
6.7557	    62	1.4372	     0
6.7652	    46	1.4389	     0
6.7748	    48	1.4405	     0
6.7844	    43	1.4422	     1
6.7939	    44	1.4438	     0
6.8035	    23	1.4455	     0
6.8131	    42	1.4472	     1
6.8227	    33	1.4488	     0
6.8322	    18	1.4505	     0
6.8418	    24	1.4521	     0
6.8514	    29	1.4538	     0
6.8609	    16	1.4555	     0
6.8705	    24	1.4571	     1
6.8801	    25	1.4588	     0
6.8896	    12	1.4604	     0
6.8992	    17	1.4621	     1
6.9088	    10	1.4638	     0
6.9184	    17	1.4654	     0
6.9279	    10	1.4671	     0
6.9375	     7	1.4688	     0
6.9471	     8	1.4704	     0
6.9566	     8	1.4721	     0
6.9662	    10	1.4737	     1
6.9758	     6	1.4754	     0
6.9854	     3	1.4771	     0
6.9949	     7	1.4787	     0
7.0045	     4	1.4804	     1
7.0141	     8	1.4820	     0
7.0236	     6	1.4837	     0
7.0332	     5	1.4854	     0
7.0428	     6	1.4870	     0
7.0523	     4	1.4887	     1
7.0619	     8	1.4903	     1
7.0715	     2	1.4920	     0
7.0811	     6	1.4937	     0
7.0906	     6	1.4953	     0
7.1002	     0	1.4970	     0
7.1098	     4	1.4986	     0
7.1193	     3	1.5003	     0
7.1289	     4	1.5020	     0
7.1385	     1	1.5036	     0
7.1480	     6	1.5053	     0
7.1576	     3	1.5069	     1
7.1672	     1	1.5086	     1
7.1768	     7	1.5103	     0
7.1863	     4	1.5119	     0
7.1959	     8	1.5136	     0
7.2055	     2	1.5152	     0
7.2150	     5	1.5169	     1
7.2246	     5	1.5186	     1
7.2342	     4	1.5202	     0
7.2438	     2	1.5219	     0
7.2533	     4	1.5235	     0
7.2629	     5	1.5252	     0
7.2725	     3	1.5269	     1
7.2820	     0	1.5285	     1
7.2916	     2	1.5302	     0
7.3012	     2	1.5318	     0
7.3107	    10	1.5335	     0
7.3203	     3	1.5352	     0
7.3299	     2	1.5368	     0
7.3395	     3	1.5385	     0
7.3490	     8	1.5401	     1
7.3586	     5	1.5418	     0
7.3682	     2	1.5435	     0
7.3777	     3	1.5451	     0
7.3873	     4	1.5468	     0
7.3969	     2	1.5484	     0
7.4064	     6	1.5501	     0
7.4160	     5	1.5518	     1
7.4256	     3	1.5534	     0
7.4352	    11	1.5551	     0
7.4447	     3	1.5567	     0
7.4543	     4	1.5584	     0
7.4639	     4	1.5601	     0
7.4734	    11	1.5617	     0
7.4830	     3	1.5634	     0
7.4926	     5	1.5650	     1
7.5021	     1	1.5667	     0
7.5117	     3	1.5684	     0
7.5213	     4	1.5700	     0
7.5309	     3	1.5717	     0
7.5404	     2	1.5733	     0
7.5500	     3	1.5750	     0
7.5596	     2	1.5767	     0
7.5691	     2	1.5783	     0
7.5787	     1	1.5800	     0
7.5883	     0	1.5816	     0
7.5979	     0	1.5833	     0
7.6074	     0	1.5850	     0
7.6170	     0	1.5866	     0
7.6266	     0	1.5883	     0
7.6361	     0	1.5899	     0
7.6457	     0	1.5916	     0
7.6553	     0	1.5933	     2
7.6648	     0	1.5949	     0
7.6744	     0	1.5966	     0
7.6840	     0	1.5982	     0
7.6936	     0	1.5999	     0
7.7031	     0	1.6016	     0
7.7127	     1	1.6032	     0
7.7223	     0	1.6049	     0
7.7318	     2	1.6065	     0
7.7414	     0	1.6082	     0
7.7510	     0	1.6099	     0
7.7605	     0	1.6115	     1
7.7701	     0	1.6132	     0
7.7797	     0	1.6148	     0
7.7893	     0	1.6165	     0
7.7988	     0	1.6182	     0
7.8084	     0	1.6198	     0
7.8180	     0	1.6215	     0
7.8275	     0	1.6231	     2
7.8371	     0	1.6248	     0
7.8467	     0	1.6265	     0
7.8563	     0	1.6281	     0
7.8658	     0	1.6298	     1
7.8754	     0	1.6314	     1
7.8850	     0	1.6331	     0
7.8945	     0	1.6348	     0
7.9041	     1	1.6364	     0
7.9137	     0	1.6381	     0
7.9232	     0	1.6397	     1
7.9328	     0	1.6414	     0
7.9424	     0	1.6431	     1
7.9520	     0	1.6447	     0
7.9615	     0	1.6464	     0
7.9711	     0	1.6480	     0
7.9807	     0	1.6497	     0
7.9902	     0	1.6514	     0
7.9998	     0	1.6530	     0
8.0094	     0	1.6547	     0
8.0189	     0	1.6563	     0
8.0285	     0	1.6580	     0
8.0381	     0	1.6597	     0
8.0477	     0	1.6613	     0
8.0572	     0	1.6630	     1
8.0668	     0	1.6646	     0
8.0764	     0	1.6663	     0
8.0859	     0	1.6680	     0
8.0955	     0	1.6696	     0
8.1051	     0	1.6713	     0
8.1146	     0	1.6729	     0
8.1242	     0	1.6746	     0
8.1338	     0	1.6763	     1
8.1434	     0	1.6779	     1
8.1529	     0	1.6796	     1
8.1625	     0	1.6812	     0
8.1721	     0	1.6829	     1
8.1816	     0	1.6846	     0
8.1912	     0	1.6862	     0
8.2008	     0	1.6879	     0
8.2104	     0	1.6896	     0
8.2199	     0	1.6912	     0
8.2295	     0	1.6929	     0
8.2391	     0	1.6945	     1
8.2486	     0	1.6962	     0
8.2582	     0	1.6979	     0
8.2678	     0	1.6995	     0
8.2773	     0	1.7012	     0
8.2869	     0	1.7028	     0
8.2965	     0	1.7045	     0
8.3061	     0	1.7062	     0
8.3156	     0	1.7078	     2
8.3252	     0	1.7095	     0
8.3348	     0	1.7111	     0
8.3443	     0	1.7128	     0
8.3539	     0	1.7145	     1
8.3635	     0	1.7161	     1
8.3730	     0	1.7178	     0
8.3826	     0	1.7194	     0
8.3922	     0	1.7211	     0
8.4018	     0	1.7228	     0
8.4113	     0	1.7244	     0
8.4209	     0	1.7261	     0
8.4305	     0	1.7277	     0
8.4400	     0	1.7294	     0
8.4496	     0	1.7311	     0
8.4592	     0	1.7327	     0
8.4688	     0	1.7344	     1
8.4783	     0	1.7360	     0
8.4879	     0	1.7377	     0
8.4975	     0	1.7394	     0
8.5070	     0	1.7410	     0
8.5166	     0	1.7427	     0
8.5262	     0	1.7443	     0
8.5357	     0	1.7460	     0
8.5453	     0	1.7477	     1
8.5549	     0	1.7493	     0
8.5645	     0	1.7510	     0
8.5740	     0	1.7526	     0
8.5836	     0	1.7543	     0
8.5932	     0	1.7560	     0
8.6027	     0	1.7576	     0
8.6123	     0	1.7593	     0
8.6219	     0	1.7609	     0
8.6314	     0	1.7626	     0
8.6410	     0	1.7643	     0
8.6506	     0	1.7659	     0
8.6602	     0	1.7676	     2
8.6697	     0	1.7692	     0
8.6793	     0	1.7709	     0
8.6889	     0	1.7726	     0
8.6984	     0	1.7742	     1
8.7080	     0	1.7759	     0
8.7176	     0	1.7775	     0
8.7271	     0	1.7792	     1
8.7367	     0	1.7809	     0
8.7463	     0	1.7825	     0
8.7559	     0	1.7842	     0
8.7654	     0	1.7858	     1
8.7750	     0	1.7875	     0
8.7846	     0	1.7892	     0
8.7941	     0	1.7908	     0
8.8037	     0	1.7925	     1
8.8133	     0	1.7941	     0
8.8229	     0	1.7958	     0
8.8324	     0	1.7975	     0
8.8420	     0	1.7991	     0
8.8516	     0	1.8008	     0
8.8611	     0	1.8024	     0
8.8707	     0	1.8041	     0
8.8803	     0	1.8058	     0
8.8898	     0	1.8074	     0
8.8994	     0	1.8091	     0
8.9090	     0	1.8107	     0
8.9186	     0	1.8124	     0
8.9281	     0	1.8141	     0
8.9377	     0	1.8157	     0
8.9473	     0	1.8174	     0
8.9568	     0	1.8190	     0
8.9664	     0	1.8207	     1
8.9760	     0	1.8224	     0
8.9855	     0	1.8240	     0
8.9951	     0	1.8257	     0
9.0047	     0	1.8273	     0
9.0143	     0	1.8290	     1
9.0238	     0	1.8307	     1
9.0334	     0	1.8323	     0
9.0430	     0	1.8340	     1
9.0525	     0	1.8356	     0
9.0621	     0	1.8373	     0
9.0717	     0	1.8390	     0
9.0813	     0	1.8406	     0
9.0908	     0	1.8423	     0
9.1004	     0	1.8439	     0
9.1100	     0	1.8456	     1
9.1195	     0	1.8473	     0
9.1291	     0	1.8489	     0
9.1387	     0	1.8506	     0
9.1482	     0	1.8522	     0
9.1578	     0	1.8539	     2
9.1674	     0	1.8556	     1
9.1770	     0	1.8572	     0
9.1865	     0	1.8589	     0
9.1961	     0	1.8605	     0
9.2057	     0	1.8622	     0
9.2152	     0	1.8639	     0
9.2248	     0	1.8655	     0
9.2344	     0	1.8672	     0
9.2439	     0	1.8688	     0
9.2535	     0	1.8705	     0
9.2631	     0	1.8722	     1
9.2727	     0	1.8738	     0
9.2822	     0	1.8755	     0
9.2918	     0	1.8771	     1
9.3014	     0	1.8788	     0
9.3109	     0	1.8805	     1
9.3205	     0	1.8821	     0
9.3301	     0	1.8838	     0
9.3396	     0	1.8854	     0
9.3492	     0	1.8871	     0
9.3588	     0	1.8888	     0
9.3684	     0	1.8904	     0
9.3779	     0	1.8921	     0
9.3875	     0	1.8938	     0
9.3971	     0	1.8954	     0
9.4066	     0	1.8971	     0
9.4162	     0	1.8987	     0
9.4258	     0	1.9004	     1
9.4354	     0	1.9021	     1
9.4449	     0	1.9037	     2
9.4545	     0	1.9054	     1
9.4641	     0	1.9070	     0
9.4736	     0	1.9087	     0
9.4832	     0	1.9104	     0
9.4928	     0	1.9120	     1
9.5023	     0	1.9137	     1
9.5119	     0	1.9153	     0
9.5215	     0	1.9170	     1
9.5311	     0	1.9187	     0
9.5406	     0	1.9203	     0
9.5502	     0	1.9220	     0
9.5598	     0	1.9236	     0
9.5693	     0	1.9253	     0
9.5789	     0	1.9270	     0
9.5885	     0	1.9286	     0
9.5980	     0	1.9303	     0
9.6076	     0	1.9319	     0
9.6172	     0	1.9336	     0
9.6268	     0	1.9353	     0
9.6363	     0	1.9369	     0
9.6459	     0	1.9386	     1
9.6555	     0	1.9402	     0
9.6650	     0	1.9419	     1
9.6746	     0	1.9436	     0
9.6842	     0	1.9452	     0
9.6937	     0	1.9469	     0
9.7033	     0	1.9485	     0
9.7129	     0	1.9502	     1
9.7225	     0	1.9519	     0
9.7320	     0	1.9535	     0
9.7416	     0	1.9552	     0
9.7512	     0	1.9568	     0
9.7607	     0	1.9585	     0
9.7703	     0	1.9602	     0
9.7799	     0	1.9618	     0
9.7895	     0	1.9635	     0
9.7990	     0	1.9651	     0
9.8086	     0	1.9668	     1
9.8182	     0	1.9685	     0
9.8277	     0	1.9701	     0
9.8373	     0	1.9718	     0
9.8469	     0	1.9734	     0
9.8564	     0	1.9751	     0
9.8660	     0	1.9768	     0
9.8756	     0	1.9784	     0
9.8852	     0	1.9801	     0
9.8947	     0	1.9817	     0
9.9043	     0	1.9834	     1
9.9139	     0	1.9851	     0
9.9234	     0	1.9867	     0
9.9330	     0	1.9884	     0
9.9426	     0	1.9900	     0
9.9521	     0	1.9917	     0
9.9617	     0	1.9934	     0
9.9713	     0	1.9950	     0
9.9809	     0	1.9967	     0
9.9904	     0	1.9983	     0
