02/07/2019 14:38:30
LT: 180.31

0.2000	  1041	0.3000	     0
0.2096	  1217	0.3017	     0
0.2191	  1245	0.3033	     0
0.2287	  1173	0.3050	     0
0.2383	  1211	0.3066	     0
0.2479	  1214	0.3083	     0
0.2574	  1215	0.3100	     0
0.2670	  1253	0.3116	     0
0.2766	  1235	0.3133	     0
0.2861	  1275	0.3149	     0
0.2957	  1193	0.3166	     0
0.3053	  1310	0.3183	     0
0.3148	  1319	0.3199	     0
0.3244	  1371	0.3216	     0
0.3340	  1346	0.3232	     0
0.3436	  1418	0.3249	     0
0.3531	  1509	0.3266	     0
0.3627	  1521	0.3282	     0
0.3723	  1476	0.3299	     0
0.3818	  1575	0.3315	     0
0.3914	  1655	0.3332	     0
0.4010	  1678	0.3349	     0
0.4105	  1583	0.3365	     0
0.4201	  1533	0.3382	     0
0.4297	  1488	0.3398	     1
0.4393	  1512	0.3415	     0
0.4488	  1457	0.3432	     0
0.4584	  1448	0.3448	     0
0.4680	  1377	0.3465	     0
0.4775	  1398	0.3481	     0
0.4871	  1338	0.3498	     1
0.4967	  1374	0.3515	     0
0.5063	  1316	0.3531	     0
0.5158	  1294	0.3548	     0
0.5254	  1244	0.3564	     1
0.5350	  1275	0.3581	     1
0.5445	  1255	0.3598	     1
0.5541	  1247	0.3614	     0
0.5637	  1244	0.3631	     0
0.5732	  1248	0.3647	     0
0.5828	  1283	0.3664	     0
0.5924	  1214	0.3681	     0
0.6020	  1299	0.3697	     0
0.6115	  1204	0.3714	     0
0.6211	  1142	0.3730	     0
0.6307	  1088	0.3747	     0
0.6402	  1189	0.3764	     2
0.6498	  1104	0.3780	     0
0.6594	  1175	0.3797	     0
0.6689	  1162	0.3813	     0
0.6785	  1120	0.3830	     0
0.6881	  1135	0.3847	     0
0.6977	  1076	0.3863	     1
0.7072	  1088	0.3880	     0
0.7168	  1066	0.3896	     0
0.7264	  1009	0.3913	     0
0.7359	  1073	0.3930	     0
0.7455	   994	0.3946	     0
0.7551	  1065	0.3963	     0
0.7646	  1028	0.3979	     0
0.7742	  1019	0.3996	     0
0.7838	  1025	0.4013	     0
0.7934	  1039	0.4029	     0
0.8029	   973	0.4046	     0
0.8125	  1029	0.4063	     0
0.8221	  1053	0.4079	     0
0.8316	  1008	0.4096	     0
0.8412	  1006	0.4112	     0
0.8508	  1022	0.4129	     0
0.8604	   911	0.4146	     0
0.8699	  1060	0.4162	     1
0.8795	  1004	0.4179	     0
0.8891	  1064	0.4195	     0
0.8986	  1020	0.4212	     0
0.9082	  1043	0.4229	     0
0.9178	  1060	0.4245	     0
0.9273	  1102	0.4262	     0
0.9369	  1107	0.4278	     0
0.9465	  1202	0.4295	     1
0.9561	  1181	0.4312	     0
0.9656	  1155	0.4328	     0
0.9752	  1138	0.4345	     0
0.9848	  1130	0.4361	     0
0.9943	  1098	0.4378	     0
1.0039	  1108	0.4395	     0
1.0135	  1064	0.4411	     0
1.0230	   993	0.4428	     0
1.0326	  1036	0.4444	     0
1.0422	  1015	0.4461	     0
1.0518	   960	0.4478	     0
1.0613	   835	0.4494	     0
1.0709	   890	0.4511	     0
1.0805	   892	0.4527	     0
1.0900	   845	0.4544	     0
1.0996	   822	0.4561	     0
1.1092	   798	0.4577	     1
1.1188	   835	0.4594	     0
1.1283	   798	0.4610	     0
1.1379	   824	0.4627	     0
1.1475	   744	0.4644	     0
1.1570	   778	0.4660	     0
1.1666	   743	0.4677	     0
1.1762	   719	0.4693	     1
1.1857	   756	0.4710	     0
1.1953	   749	0.4727	     0
1.2049	   695	0.4743	     0
1.2145	   778	0.4760	     0
1.2240	   692	0.4776	     0
1.2336	   665	0.4793	     0
1.2432	   701	0.4810	     0
1.2527	   683	0.4826	     0
1.2623	   710	0.4843	     0
1.2719	   667	0.4859	     0
1.2814	   644	0.4876	     2
1.2910	   680	0.4893	     0
1.3006	   667	0.4909	     0
1.3102	   649	0.4926	     0
1.3197	   637	0.4942	     0
1.3293	   678	0.4959	     0
1.3389	   623	0.4976	     0
1.3484	   612	0.4992	     2
1.3580	   636	0.5009	     0
1.3676	   626	0.5025	     0
1.3771	   638	0.5042	     0
1.3867	   686	0.5059	     0
1.3963	   608	0.5075	     1
1.4059	   622	0.5092	     0
1.4154	   644	0.5108	     0
1.4250	   585	0.5125	     0
1.4346	   598	0.5142	     0
1.4441	   626	0.5158	     0
1.4537	   587	0.5175	     0
1.4633	   604	0.5191	     0
1.4729	   599	0.5208	     0
1.4824	   623	0.5225	     0
1.4920	   593	0.5241	     0
1.5016	   585	0.5258	     0
1.5111	   547	0.5274	     0
1.5207	   628	0.5291	     0
1.5303	   538	0.5308	     0
1.5398	   567	0.5324	     1
1.5494	   600	0.5341	     0
1.5590	   580	0.5357	     0
1.5686	   595	0.5374	     1
1.5781	   604	0.5391	     0
1.5877	   536	0.5407	     1
1.5973	   536	0.5424	     0
1.6068	   521	0.5440	     0
1.6164	   578	0.5457	     0
1.6260	   542	0.5474	     0
1.6355	   547	0.5490	     1
1.6451	   533	0.5507	     0
1.6547	   543	0.5523	     0
1.6643	   543	0.5540	     0
1.6738	   549	0.5557	     0
1.6834	   526	0.5573	     0
1.6930	   560	0.5590	     0
1.7025	   534	0.5606	     0
1.7121	   544	0.5623	     0
1.7217	   523	0.5640	     0
1.7313	   538	0.5656	     0
1.7408	   535	0.5673	     0
1.7504	   569	0.5689	     0
1.7600	   520	0.5706	     0
1.7695	   514	0.5723	     0
1.7791	   559	0.5739	     0
1.7887	   531	0.5756	     0
1.7982	   546	0.5772	     0
1.8078	   519	0.5789	     0
1.8174	   552	0.5806	     0
1.8270	   561	0.5822	     0
1.8365	   534	0.5839	     0
1.8461	   482	0.5855	     0
1.8557	   499	0.5872	     0
1.8652	   494	0.5889	     0
1.8748	   509	0.5905	     0
1.8844	   540	0.5922	     0
1.8939	   514	0.5938	     0
1.9035	   546	0.5955	     0
1.9131	   528	0.5972	     0
1.9227	   553	0.5988	     0
1.9322	   546	0.6005	     0
1.9418	   508	0.6021	     0
1.9514	   525	0.6038	     0
1.9609	   527	0.6055	     0
1.9705	   558	0.6071	     0
1.9801	   552	0.6088	     0
1.9896	   555	0.6104	     0
1.9992	   524	0.6121	     0
2.0088	   538	0.6138	     0
2.0184	   583	0.6154	     0
2.0279	   537	0.6171	     0
2.0375	   583	0.6187	     0
2.0471	   561	0.6204	     0
2.0566	   580	0.6221	     0
2.0662	   538	0.6237	     0
2.0758	   558	0.6254	     0
2.0854	   544	0.6271	     0
2.0949	   563	0.6287	     0
2.1045	   508	0.6304	     0
2.1141	   548	0.6320	     1
2.1236	   556	0.6337	     0
2.1332	   533	0.6354	     0
2.1428	   537	0.6370	     0
2.1523	   540	0.6387	     0
2.1619	   540	0.6403	     0
2.1715	   549	0.6420	     0
2.1811	   468	0.6437	     0
2.1906	   466	0.6453	     0
2.2002	   477	0.6470	     0
2.2098	   507	0.6486	     0
2.2193	   509	0.6503	     0
2.2289	   488	0.6520	     1
2.2385	   442	0.6536	     1
2.2480	   473	0.6553	     0
2.2576	   426	0.6569	     0
2.2672	   449	0.6586	     0
2.2768	   400	0.6603	     0
2.2863	   368	0.6619	     0
2.2959	   390	0.6636	     0
2.3055	   342	0.6652	     0
2.3150	   366	0.6669	     0
2.3246	   323	0.6686	     0
2.3342	   305	0.6702	     0
2.3438	   308	0.6719	     0
2.3533	   291	0.6735	     0
2.3629	   315	0.6752	     0
2.3725	   311	0.6769	     0
2.3820	   278	0.6785	     0
2.3916	   291	0.6802	     0
2.4012	   292	0.6818	     0
2.4107	   275	0.6835	     0
2.4203	   265	0.6852	     0
2.4299	   247	0.6868	     0
2.4395	   257	0.6885	     0
2.4490	   233	0.6901	     0
2.4586	   222	0.6918	     0
2.4682	   235	0.6935	     0
2.4777	   234	0.6951	     0
2.4873	   249	0.6968	     0
2.4969	   227	0.6984	     1
2.5064	   269	0.7001	     0
2.5160	   257	0.7018	     0
2.5256	   251	0.7034	     0
2.5352	   244	0.7051	     0
2.5447	   242	0.7067	     0
2.5543	   266	0.7084	     0
2.5639	   260	0.7101	     0
2.5734	   230	0.7117	     0
2.5830	   252	0.7134	     0
2.5926	   254	0.7150	     0
2.6021	   260	0.7167	     0
2.6117	   230	0.7184	     0
2.6213	   234	0.7200	     0
2.6309	   230	0.7217	     0
2.6404	   244	0.7233	     0
2.6500	   241	0.7250	     0
2.6596	   263	0.7267	     0
2.6691	   256	0.7283	     0
2.6787	   244	0.7300	     0
2.6883	   264	0.7316	     0
2.6979	   282	0.7333	     0
2.7074	   296	0.7350	     0
2.7170	   243	0.7366	     1
2.7266	   272	0.7383	     0
2.7361	   298	0.7399	     0
2.7457	   268	0.7416	     0
2.7553	   281	0.7433	     0
2.7648	   281	0.7449	     0
2.7744	   321	0.7466	     0
2.7840	   337	0.7482	     0
2.7936	   303	0.7499	     0
2.8031	   306	0.7516	     0
2.8127	   335	0.7532	     0
2.8223	   318	0.7549	     0
2.8318	   333	0.7565	     0
2.8414	   371	0.7582	     0
2.8510	   335	0.7599	     1
2.8605	   357	0.7615	     0
2.8701	   345	0.7632	     1
2.8797	   397	0.7648	     0
2.8893	   381	0.7665	     0
2.8988	   413	0.7682	     0
2.9084	   408	0.7698	     0
2.9180	   369	0.7715	     1
2.9275	   414	0.7731	     0
2.9371	   431	0.7748	     1
2.9467	   421	0.7765	     0
2.9563	   486	0.7781	     0
2.9658	   429	0.7798	     0
2.9754	   511	0.7814	     0
2.9850	   545	0.7831	     0
2.9945	   611	0.7848	     0
3.0041	   677	0.7864	     1
3.0137	   651	0.7881	     0
3.0232	   737	0.7897	     0
3.0328	   790	0.7914	     0
3.0424	   911	0.7931	     0
3.0520	  1060	0.7947	     1
3.0615	  1192	0.7964	     0
3.0711	  1263	0.7980	     0
3.0807	  1475	0.7997	     0
3.0902	  1593	0.8014	     0
3.0998	  1872	0.8030	     0
3.1094	  2127	0.8047	     0
3.1189	  2361	0.8063	     0
3.1285	  2691	0.8080	     0
3.1381	  2891	0.8097	     0
3.1477	  3240	0.8113	     2
3.1572	  3382	0.8130	     0
3.1668	  3922	0.8146	     0
3.1764	  4194	0.8163	     0
3.1859	  4429	0.8180	     0
3.1955	  4717	0.8196	     0
3.2051	  5028	0.8213	     0
3.2146	  5318	0.8229	     0
3.2242	  5512	0.8246	     0
3.2338	  5695	0.8263	     0
3.2434	  5852	0.8279	     0
3.2529	  6031	0.8296	     0
3.2625	  5916	0.8313	     0
3.2721	  5791	0.8329	     0
3.2816	  5801	0.8346	     0
3.2912	  5566	0.8362	     0
3.3008	  5404	0.8379	     0
3.3104	  5246	0.8396	     0
3.3199	  4960	0.8412	     0
3.3295	  4593	0.8429	     0
3.3391	  4232	0.8445	     0
3.3486	  3855	0.8462	     0
3.3582	  3531	0.8479	     2
3.3678	  3210	0.8495	     0
3.3773	  2822	0.8512	     0
3.3869	  2430	0.8528	     0
3.3965	  2148	0.8545	     0
3.4061	  1837	0.8562	     0
3.4156	  1492	0.8578	     0
3.4252	  1321	0.8595	     0
3.4348	   997	0.8611	     0
3.4443	   865	0.8628	     0
3.4539	   678	0.8645	     0
3.4635	   537	0.8661	     0
3.4730	   413	0.8678	     0
3.4826	   369	0.8694	     0
3.4922	   274	0.8711	     0
3.5018	   196	0.8728	     0
3.5113	   155	0.8744	     0
3.5209	   131	0.8761	     0
3.5305	    77	0.8777	     0
3.5400	    85	0.8794	     0
3.5496	    67	0.8811	     0
3.5592	    38	0.8827	     0
3.5688	    43	0.8844	     0
3.5783	    33	0.8860	     0
3.5879	    20	0.8877	     0
3.5975	    27	0.8894	     0
3.6070	    29	0.8910	     0
3.6166	    21	0.8927	     0
3.6262	    15	0.8943	     0
3.6357	    18	0.8960	     0
3.6453	    29	0.8977	     0
3.6549	    19	0.8993	     0
3.6645	    11	0.9010	     0
3.6740	    21	0.9026	     0
3.6836	    31	0.9043	     0
3.6932	    18	0.9060	     0
3.7027	    20	0.9076	     0
3.7123	    19	0.9093	     0
3.7219	    13	0.9109	     0
3.7314	    24	0.9126	     0
3.7410	     9	0.9143	     0
3.7506	    16	0.9159	     1
3.7602	    12	0.9176	     0
3.7697	    21	0.9192	     0
3.7793	    13	0.9209	     0
3.7889	    17	0.9226	     0
3.7984	    16	0.9242	     0
3.8080	    16	0.9259	     0
3.8176	    26	0.9275	     0
3.8271	    16	0.9292	     0
3.8367	    17	0.9309	     0
3.8463	    12	0.9325	     0
3.8559	    12	0.9342	     0
3.8654	    17	0.9358	     1
3.8750	    26	0.9375	     0
3.8846	    13	0.9392	     0
3.8941	    11	0.9408	     0
3.9037	    24	0.9425	     0
3.9133	    16	0.9441	     0
3.9229	    10	0.9458	     0
3.9324	    12	0.9475	     0
3.9420	    16	0.9491	     0
3.9516	    12	0.9508	     0
3.9611	    12	0.9524	     0
3.9707	    11	0.9541	     1
3.9803	    10	0.9558	     0
3.9898	    20	0.9574	     0
3.9994	    17	0.9591	     0
4.0090	    19	0.9607	     1
4.0186	    14	0.9624	     0
4.0281	    14	0.9641	     0
4.0377	     8	0.9657	     0
4.0473	    13	0.9674	     0
4.0568	    13	0.9690	     0
4.0664	    13	0.9707	     0
4.0760	    13	0.9724	     0
4.0855	    16	0.9740	     0
4.0951	    11	0.9757	     0
4.1047	    15	0.9773	     0
4.1143	    15	0.9790	     0
4.1238	    19	0.9807	     0
4.1334	    12	0.9823	     0
4.1430	    19	0.9840	     0
4.1525	    24	0.9856	     1
4.1621	    12	0.9873	     0
4.1717	    15	0.9890	     0
4.1813	    23	0.9906	     0
4.1908	    18	0.9923	     0
4.2004	    23	0.9939	     0
4.2100	    14	0.9956	     0
4.2195	    16	0.9973	     0
4.2291	    22	0.9989	     0
4.2387	    16	1.0006	     0
4.2482	    23	1.0022	     0
4.2578	    18	1.0039	     0
4.2674	    27	1.0056	     1
4.2770	    24	1.0072	     0
4.2865	    20	1.0089	     0
4.2961	    21	1.0105	     0
4.3057	    12	1.0122	     0
4.3152	    17	1.0139	     0
4.3248	    22	1.0155	     0
4.3344	    35	1.0172	     0
4.3439	    18	1.0188	     0
4.3535	    29	1.0205	     0
4.3631	    18	1.0222	     0
4.3727	    25	1.0238	     0
4.3822	    23	1.0255	     0
4.3918	    11	1.0271	     0
4.4014	    16	1.0288	     1
4.4109	    23	1.0305	     0
4.4205	    21	1.0321	     0
4.4301	    18	1.0338	     0
4.4396	    19	1.0354	     0
4.4492	    15	1.0371	     0
4.4588	    21	1.0388	     0
4.4684	    16	1.0404	     0
4.4779	    16	1.0421	     0
4.4875	    20	1.0438	     0
4.4971	    18	1.0454	     0
4.5066	    20	1.0471	     0
4.5162	    15	1.0487	     0
4.5258	    26	1.0504	     0
4.5354	    18	1.0521	     0
4.5449	    16	1.0537	     0
4.5545	    25	1.0554	     0
4.5641	    32	1.0570	     0
4.5736	    21	1.0587	     0
4.5832	    19	1.0604	     0
4.5928	    23	1.0620	     0
4.6023	    24	1.0637	     0
4.6119	    14	1.0653	     0
4.6215	     9	1.0670	     0
4.6311	    11	1.0687	     0
4.6406	     9	1.0703	     0
4.6502	    10	1.0720	     0
4.6598	    11	1.0736	     1
4.6693	     5	1.0753	     0
4.6789	     6	1.0770	     0
4.6885	     4	1.0786	     0
4.6980	     6	1.0803	     0
4.7076	     5	1.0819	     0
4.7172	    10	1.0836	     0
4.7268	     3	1.0853	     0
4.7363	    10	1.0869	     0
4.7459	     8	1.0886	     0
4.7555	     7	1.0902	     0
4.7650	     7	1.0919	     0
4.7746	     7	1.0936	     0
4.7842	     8	1.0952	     0
4.7938	     9	1.0969	     1
4.8033	    10	1.0985	     0
4.8129	     5	1.1002	     0
4.8225	     3	1.1019	     0
4.8320	     5	1.1035	     0
4.8416	    12	1.1052	     0
4.8512	     3	1.1068	     1
4.8607	     6	1.1085	     0
4.8703	     4	1.1102	     0
4.8799	    10	1.1118	     0
4.8895	     9	1.1135	     0
4.8990	     4	1.1151	     0
4.9086	     4	1.1168	     1
4.9182	     5	1.1185	     0
4.9277	     9	1.1201	     0
4.9373	     3	1.1218	     0
4.9469	     6	1.1234	     0
4.9564	     6	1.1251	     0
4.9660	     8	1.1268	     1
4.9756	     4	1.1284	     0
4.9852	     7	1.1301	     0
4.9947	     9	1.1317	     0
5.0043	     7	1.1334	     0
5.0139	     5	1.1351	     0
5.0234	    12	1.1367	     0
5.0330	     6	1.1384	     0
5.0426	     9	1.1400	     0
5.0521	     5	1.1417	     0
5.0617	    14	1.1434	     0
5.0713	    10	1.1450	     0
5.0809	     9	1.1467	     0
5.0904	     4	1.1483	     0
5.1000	     5	1.1500	     1
5.1096	     8	1.1517	     0
5.1191	     4	1.1533	     0
5.1287	     4	1.1550	     0
5.1383	     9	1.1566	     0
5.1479	    12	1.1583	     0
5.1574	    14	1.1600	     0
5.1670	    10	1.1616	     0
5.1766	     5	1.1633	     0
5.1861	    10	1.1649	     0
5.1957	    12	1.1666	     1
5.2053	    11	1.1683	     0
5.2148	     6	1.1699	     0
5.2244	    11	1.1716	     0
5.2340	     6	1.1732	     0
5.2436	    10	1.1749	     0
5.2531	     8	1.1766	     0
5.2627	     5	1.1782	     0
5.2723	    13	1.1799	     0
5.2818	    15	1.1815	     0
5.2914	    12	1.1832	     0
5.3010	    12	1.1849	     0
5.3105	    14	1.1865	     0
5.3201	     9	1.1882	     0
5.3297	    14	1.1898	     0
5.3393	     6	1.1915	     0
5.3488	    14	1.1932	     1
5.3584	    14	1.1948	     0
5.3680	    14	1.1965	     0
5.3775	    11	1.1981	     0
5.3871	     8	1.1998	     0
5.3967	    13	1.2015	     0
5.4063	    12	1.2031	     0
5.4158	     8	1.2048	     0
5.4254	    14	1.2064	     0
5.4350	    13	1.2081	     0
5.4445	    11	1.2098	     0
5.4541	    14	1.2114	     0
5.4637	     6	1.2131	     0
5.4732	    13	1.2147	     0
5.4828	     9	1.2164	     0
5.4924	    14	1.2181	     0
5.5020	    12	1.2197	     1
5.5115	    13	1.2214	     0
5.5211	    13	1.2230	     0
5.5307	    21	1.2247	     0
5.5402	    17	1.2264	     0
5.5498	    16	1.2280	     0
5.5594	    16	1.2297	     0
5.5689	    11	1.2313	     0
5.5785	    14	1.2330	     0
5.5881	    17	1.2347	     0
5.5977	    18	1.2363	     0
5.6072	    11	1.2380	     0
5.6168	     6	1.2396	     0
5.6264	     7	1.2413	     0
5.6359	    10	1.2430	     1
5.6455	     9	1.2446	     0
5.6551	    13	1.2463	     0
5.6646	     9	1.2479	     0
5.6742	    17	1.2496	     0
5.6838	     9	1.2513	     0
5.6934	    13	1.2529	     0
5.7029	    11	1.2546	     0
5.7125	    12	1.2562	     0
5.7221	     9	1.2579	     0
5.7316	    10	1.2596	     0
5.7412	    11	1.2612	     0
5.7508	    13	1.2629	     0
5.7604	    16	1.2646	     0
5.7699	     6	1.2662	     0
5.7795	    11	1.2679	     0
5.7891	    19	1.2695	     0
5.7986	    16	1.2712	     0
5.8082	    16	1.2729	     0
5.8178	    16	1.2745	     0
5.8273	    16	1.2762	     0
5.8369	    12	1.2778	     0
5.8465	    17	1.2795	     0
5.8561	    12	1.2812	     0
5.8656	     6	1.2828	     0
5.8752	    11	1.2845	     0
5.8848	    12	1.2861	     0
5.8943	    15	1.2878	     0
5.9039	     3	1.2895	     0
5.9135	    13	1.2911	     0
5.9230	    13	1.2928	     0
5.9326	     8	1.2944	     0
5.9422	    19	1.2961	     0
5.9518	    13	1.2978	     0
5.9613	    16	1.2994	     0
5.9709	    10	1.3011	     0
5.9805	    13	1.3027	     0
5.9900	    11	1.3044	     0
5.9996	    14	1.3061	     0
6.0092	     9	1.3077	     0
6.0188	    10	1.3094	     0
6.0283	    12	1.3110	     0
6.0379	    28	1.3127	     0
6.0475	    21	1.3144	     0
6.0570	    24	1.3160	     0
6.0666	    35	1.3177	     0
6.0762	    41	1.3193	     0
6.0857	    36	1.3210	     0
6.0953	    35	1.3227	     0
6.1049	    37	1.3243	     0
6.1145	    46	1.3260	     0
6.1240	    40	1.3276	     0
6.1336	    41	1.3293	     0
6.1432	    46	1.3310	     0
6.1527	    51	1.3326	     0
6.1623	    45	1.3343	     0
6.1719	    59	1.3359	     0
6.1814	    58	1.3376	     0
6.1910	    37	1.3393	     0
6.2006	    31	1.3409	     0
6.2102	    30	1.3426	     0
6.2197	    24	1.3442	     0
6.2293	    23	1.3459	     0
6.2389	    21	1.3476	     0
6.2484	    15	1.3492	     0
6.2580	    19	1.3509	     0
6.2676	    11	1.3525	     0
6.2771	     9	1.3542	     0
6.2867	     8	1.3559	     0
6.2963	    10	1.3575	     0
6.3059	     6	1.3592	     1
6.3154	     3	1.3608	     0
6.3250	     6	1.3625	     0
6.3346	     5	1.3642	     0
6.3441	     4	1.3658	     0
6.3537	     7	1.3675	     0
6.3633	     5	1.3691	     0
6.3729	     4	1.3708	     0
6.3824	     6	1.3725	     0
6.3920	     1	1.3741	     0
6.4016	     6	1.3758	     0
6.4111	     7	1.3774	     0
6.4207	     4	1.3791	     0
6.4303	     4	1.3808	     0
6.4398	     8	1.3824	     0
6.4494	     5	1.3841	     0
6.4590	     6	1.3857	     0
6.4686	     3	1.3874	     0
6.4781	     8	1.3891	     0
6.4877	     9	1.3907	     0
6.4973	     7	1.3924	     0
6.5068	     6	1.3940	     0
6.5164	     4	1.3957	     0
6.5260	    15	1.3974	     0
6.5355	     8	1.3990	     0
6.5451	    12	1.4007	     0
6.5547	     4	1.4023	     0
6.5643	     3	1.4040	     0
6.5738	     6	1.4057	     0
6.5834	     9	1.4073	     0
6.5930	     5	1.4090	     0
6.6025	     5	1.4106	     0
6.6121	     7	1.4123	     0
6.6217	     7	1.4140	     0
6.6313	    11	1.4156	     0
6.6408	    11	1.4173	     0
6.6504	    20	1.4189	     0
6.6600	    21	1.4206	     0
6.6695	    18	1.4223	     0
6.6791	    14	1.4239	     0
6.6887	    18	1.4256	     0
6.6982	    35	1.4272	     0
6.7078	    21	1.4289	     0
6.7174	    17	1.4306	     0
6.7270	    29	1.4322	     1
6.7365	    27	1.4339	     0
6.7461	    34	1.4355	     0
6.7557	    37	1.4372	     0
6.7652	    17	1.4389	     0
6.7748	    17	1.4405	     0
6.7844	    21	1.4422	     0
6.7939	    15	1.4438	     0
6.8035	    20	1.4455	     0
6.8131	     6	1.4472	     1
6.8227	    10	1.4488	     0
6.8322	     6	1.4505	     1
6.8418	     8	1.4521	     0
6.8514	    12	1.4538	     0
6.8609	     6	1.4555	     0
6.8705	     7	1.4571	     0
6.8801	     3	1.4588	     0
6.8896	     5	1.4604	     0
6.8992	     3	1.4621	     0
6.9088	     4	1.4638	     0
6.9184	     6	1.4654	     0
6.9279	     7	1.4671	     0
6.9375	     1	1.4688	     0
6.9471	     0	1.4704	     0
6.9566	     0	1.4721	     0
6.9662	     2	1.4737	     0
6.9758	     0	1.4754	     0
6.9854	     0	1.4771	     0
6.9949	     1	1.4787	     0
7.0045	     1	1.4804	     0
7.0141	     0	1.4820	     0
7.0236	     0	1.4837	     0
7.0332	     0	1.4854	     0
7.0428	     0	1.4870	     0
7.0523	     0	1.4887	     0
7.0619	     1	1.4903	     0
7.0715	     0	1.4920	     0
7.0811	     0	1.4937	     0
7.0906	     1	1.4953	     0
7.1002	     0	1.4970	     0
7.1098	     0	1.4986	     0
7.1193	     0	1.5003	     1
7.1289	     1	1.5020	     0
7.1385	     0	1.5036	     0
7.1480	     0	1.5053	     0
7.1576	     0	1.5069	     0
7.1672	     0	1.5086	     0
7.1768	     0	1.5103	     0
7.1863	     0	1.5119	     0
7.1959	     0	1.5136	     0
7.2055	     0	1.5152	     0
7.2150	     0	1.5169	     0
7.2246	     0	1.5186	     0
7.2342	     0	1.5202	     0
7.2438	     0	1.5219	     0
7.2533	     0	1.5235	     0
7.2629	     0	1.5252	     0
7.2725	     0	1.5269	     0
7.2820	     0	1.5285	     0
7.2916	     0	1.5302	     0
7.3012	     0	1.5318	     0
7.3107	     0	1.5335	     0
7.3203	     0	1.5352	     0
7.3299	     0	1.5368	     0
7.3395	     1	1.5385	     0
7.3490	     0	1.5401	     0
7.3586	     0	1.5418	     0
7.3682	     0	1.5435	     0
7.3777	     0	1.5451	     0
7.3873	     0	1.5468	     0
7.3969	     0	1.5484	     0
7.4064	     0	1.5501	     0
7.4160	     0	1.5518	     0
7.4256	     0	1.5534	     1
7.4352	     0	1.5551	     0
7.4447	     0	1.5567	     0
7.4543	     0	1.5584	     0
7.4639	     0	1.5601	     0
7.4734	     0	1.5617	     0
7.4830	     0	1.5634	     0
7.4926	     0	1.5650	     0
7.5021	     0	1.5667	     0
7.5117	     0	1.5684	     0
7.5213	     0	1.5700	     0
7.5309	     0	1.5717	     0
7.5404	     0	1.5733	     1
7.5500	     0	1.5750	     0
7.5596	     0	1.5767	     0
7.5691	     0	1.5783	     0
7.5787	     0	1.5800	     0
7.5883	     0	1.5816	     0
7.5979	     0	1.5833	     0
7.6074	     0	1.5850	     0
7.6170	     0	1.5866	     0
7.6266	     0	1.5883	     0
7.6361	     0	1.5899	     0
7.6457	     0	1.5916	     0
7.6553	     0	1.5933	     0
7.6648	     0	1.5949	     0
7.6744	     0	1.5966	     0
7.6840	     1	1.5982	     0
7.6936	     0	1.5999	     0
7.7031	     0	1.6016	     0
7.7127	     0	1.6032	     0
7.7223	     0	1.6049	     0
7.7318	     0	1.6065	     0
7.7414	     0	1.6082	     0
7.7510	     0	1.6099	     0
7.7605	     0	1.6115	     0
7.7701	     0	1.6132	     0
7.7797	     0	1.6148	     0
7.7893	     0	1.6165	     0
7.7988	     0	1.6182	     0
7.8084	     0	1.6198	     0
7.8180	     0	1.6215	     0
7.8275	     0	1.6231	     0
7.8371	     0	1.6248	     0
7.8467	     0	1.6265	     0
7.8563	     0	1.6281	     0
7.8658	     0	1.6298	     0
7.8754	     0	1.6314	     0
7.8850	     0	1.6331	     0
7.8945	     0	1.6348	     0
7.9041	     0	1.6364	     0
7.9137	     0	1.6381	     0
7.9232	     0	1.6397	     0
7.9328	     0	1.6414	     0
7.9424	     0	1.6431	     0
7.9520	     0	1.6447	     0
7.9615	     0	1.6464	     0
7.9711	     0	1.6480	     0
7.9807	     0	1.6497	     1
7.9902	     0	1.6514	     0
7.9998	     0	1.6530	     0
8.0094	     0	1.6547	     1
8.0189	     0	1.6563	     0
8.0285	     0	1.6580	     0
8.0381	     0	1.6597	     0
8.0477	     0	1.6613	     0
8.0572	     0	1.6630	     0
8.0668	     0	1.6646	     0
8.0764	     0	1.6663	     0
8.0859	     0	1.6680	     0
8.0955	     0	1.6696	     0
8.1051	     0	1.6713	     0
8.1146	     0	1.6729	     0
8.1242	     0	1.6746	     0
8.1338	     0	1.6763	     0
8.1434	     0	1.6779	     0
8.1529	     0	1.6796	     1
8.1625	     0	1.6812	     0
8.1721	     0	1.6829	     0
8.1816	     0	1.6846	     0
8.1912	     0	1.6862	     0
8.2008	     0	1.6879	     0
8.2104	     0	1.6896	     1
8.2199	     0	1.6912	     0
8.2295	     0	1.6929	     0
8.2391	     0	1.6945	     0
8.2486	     0	1.6962	     0
8.2582	     0	1.6979	     1
8.2678	     0	1.6995	     0
8.2773	     0	1.7012	     0
8.2869	     0	1.7028	     0
8.2965	     0	1.7045	     1
8.3061	     0	1.7062	     0
8.3156	     0	1.7078	     0
8.3252	     0	1.7095	     0
8.3348	     0	1.7111	     0
8.3443	     0	1.7128	     0
8.3539	     0	1.7145	     0
8.3635	     0	1.7161	     0
8.3730	     0	1.7178	     0
8.3826	     0	1.7194	     0
8.3922	     0	1.7211	     0
8.4018	     0	1.7228	     0
8.4113	     0	1.7244	     0
8.4209	     0	1.7261	     0
8.4305	     0	1.7277	     0
8.4400	     0	1.7294	     0
8.4496	     0	1.7311	     0
8.4592	     0	1.7327	     0
8.4688	     0	1.7344	     0
8.4783	     0	1.7360	     0
8.4879	     0	1.7377	     0
8.4975	     0	1.7394	     0
8.5070	     0	1.7410	     0
8.5166	     0	1.7427	     1
8.5262	     0	1.7443	     0
8.5357	     0	1.7460	     0
8.5453	     0	1.7477	     0
8.5549	     0	1.7493	     0
8.5645	     0	1.7510	     0
8.5740	     0	1.7526	     0
8.5836	     0	1.7543	     0
8.5932	     0	1.7560	     0
8.6027	     0	1.7576	     0
8.6123	     0	1.7593	     0
8.6219	     0	1.7609	     0
8.6314	     0	1.7626	     0
8.6410	     0	1.7643	     0
8.6506	     0	1.7659	     0
8.6602	     0	1.7676	     0
8.6697	     0	1.7692	     0
8.6793	     0	1.7709	     0
8.6889	     0	1.7726	     0
8.6984	     0	1.7742	     0
8.7080	     0	1.7759	     0
8.7176	     0	1.7775	     0
8.7271	     0	1.7792	     0
8.7367	     0	1.7809	     0
8.7463	     0	1.7825	     0
8.7559	     0	1.7842	     0
8.7654	     0	1.7858	     0
8.7750	     0	1.7875	     0
8.7846	     0	1.7892	     0
8.7941	     0	1.7908	     0
8.8037	     0	1.7925	     0
8.8133	     0	1.7941	     1
8.8229	     0	1.7958	     0
8.8324	     0	1.7975	     0
8.8420	     0	1.7991	     0
8.8516	     0	1.8008	     0
8.8611	     0	1.8024	     1
8.8707	     0	1.8041	     0
8.8803	     0	1.8058	     0
8.8898	     0	1.8074	     0
8.8994	     0	1.8091	     0
8.9090	     0	1.8107	     0
8.9186	     0	1.8124	     0
8.9281	     0	1.8141	     0
8.9377	     0	1.8157	     0
8.9473	     0	1.8174	     0
8.9568	     0	1.8190	     0
8.9664	     0	1.8207	     0
8.9760	     0	1.8224	     0
8.9855	     0	1.8240	     0
8.9951	     0	1.8257	     0
9.0047	     0	1.8273	     0
9.0143	     0	1.8290	     0
9.0238	     0	1.8307	     0
9.0334	     0	1.8323	     1
9.0430	     0	1.8340	     0
9.0525	     0	1.8356	     0
9.0621	     0	1.8373	     0
9.0717	     0	1.8390	     0
9.0813	     0	1.8406	     0
9.0908	     0	1.8423	     0
9.1004	     0	1.8439	     0
9.1100	     0	1.8456	     0
9.1195	     0	1.8473	     0
9.1291	     0	1.8489	     0
9.1387	     0	1.8506	     0
9.1482	     0	1.8522	     0
9.1578	     0	1.8539	     0
9.1674	     0	1.8556	     0
9.1770	     0	1.8572	     0
9.1865	     0	1.8589	     0
9.1961	     0	1.8605	     0
9.2057	     0	1.8622	     0
9.2152	     0	1.8639	     0
9.2248	     0	1.8655	     0
9.2344	     0	1.8672	     0
9.2439	     0	1.8688	     0
9.2535	     0	1.8705	     0
9.2631	     0	1.8722	     0
9.2727	     0	1.8738	     0
9.2822	     0	1.8755	     0
9.2918	     0	1.8771	     0
9.3014	     0	1.8788	     0
9.3109	     0	1.8805	     0
9.3205	     0	1.8821	     0
9.3301	     0	1.8838	     0
9.3396	     0	1.8854	     0
9.3492	     0	1.8871	     0
9.3588	     0	1.8888	     0
9.3684	     0	1.8904	     0
9.3779	     0	1.8921	     0
9.3875	     0	1.8938	     0
9.3971	     0	1.8954	     0
9.4066	     0	1.8971	     0
9.4162	     0	1.8987	     0
9.4258	     0	1.9004	     0
9.4354	     0	1.9021	     0
9.4449	     0	1.9037	     0
9.4545	     0	1.9054	     0
9.4641	     0	1.9070	     0
9.4736	     0	1.9087	     0
9.4832	     0	1.9104	     0
9.4928	     0	1.9120	     0
9.5023	     0	1.9137	     0
9.5119	     0	1.9153	     0
9.5215	     0	1.9170	     0
9.5311	     0	1.9187	     0
9.5406	     0	1.9203	     0
9.5502	     0	1.9220	     0
9.5598	     0	1.9236	     0
9.5693	     0	1.9253	     0
9.5789	     0	1.9270	     0
9.5885	     0	1.9286	     1
9.5980	     0	1.9303	     0
9.6076	     0	1.9319	     0
9.6172	     0	1.9336	     0
9.6268	     0	1.9353	     0
9.6363	     0	1.9369	     0
9.6459	     0	1.9386	     1
9.6555	     0	1.9402	     0
9.6650	     0	1.9419	     0
9.6746	     0	1.9436	     0
9.6842	     0	1.9452	     0
9.6937	     0	1.9469	     0
9.7033	     0	1.9485	     0
9.7129	     0	1.9502	     0
9.7225	     0	1.9519	     0
9.7320	     0	1.9535	     0
9.7416	     0	1.9552	     0
9.7512	     0	1.9568	     0
9.7607	     0	1.9585	     0
9.7703	     0	1.9602	     0
9.7799	     0	1.9618	     0
9.7895	     0	1.9635	     0
9.7990	     0	1.9651	     0
9.8086	     0	1.9668	     0
9.8182	     0	1.9685	     0
9.8277	     0	1.9701	     0
9.8373	     0	1.9718	     0
9.8469	     0	1.9734	     0
9.8564	     0	1.9751	     0
9.8660	     0	1.9768	     0
9.8756	     0	1.9784	     0
9.8852	     0	1.9801	     0
9.8947	     0	1.9817	     0
9.9043	     0	1.9834	     0
9.9139	     0	1.9851	     0
9.9234	     0	1.9867	     0
9.9330	     0	1.9884	     0
9.9426	     0	1.9900	     0
9.9521	     0	1.9917	     0
9.9617	     0	1.9934	     0
9.9713	     0	1.9950	     0
9.9809	     0	1.9967	     2
9.9904	     0	1.9983	     0
