02/07/2019 13:41:22
LT: 180.35

0.2000	  4221	0.3000	     0
0.2096	  4256	0.3017	     0
0.2191	  3849	0.3033	     0
0.2287	  3344	0.3050	     0
0.2383	  2746	0.3066	     0
0.2479	  2485	0.3083	     0
0.2574	  2171	0.3100	     0
0.2670	  1913	0.3116	     0
0.2766	  2048	0.3133	     0
0.2861	  2069	0.3149	     0
0.2957	  2049	0.3166	     0
0.3053	  2116	0.3183	     0
0.3148	  2082	0.3199	     0
0.3244	  2133	0.3216	     0
0.3340	  2247	0.3232	     0
0.3436	  2227	0.3249	     0
0.3531	  2354	0.3266	     0
0.3627	  2290	0.3282	     0
0.3723	  2468	0.3299	     0
0.3818	  2518	0.3315	     2
0.3914	  2555	0.3332	     1
0.4010	  2693	0.3349	     0
0.4105	  2706	0.3365	     1
0.4201	  2563	0.3382	     0
0.4297	  2568	0.3398	     0
0.4393	  2519	0.3415	     0
0.4488	  2513	0.3432	     0
0.4584	  2491	0.3448	     2
0.4680	  2415	0.3465	     0
0.4775	  2521	0.3481	     0
0.4871	  2439	0.3498	     0
0.4967	  2296	0.3515	     0
0.5063	  2462	0.3531	     0
0.5158	  2335	0.3548	     0
0.5254	  2379	0.3564	     0
0.5350	  2328	0.3581	     1
0.5445	  2290	0.3598	     0
0.5541	  2302	0.3614	     0
0.5637	  2402	0.3631	     0
0.5732	  2392	0.3647	     1
0.5828	  2433	0.3664	     0
0.5924	  2330	0.3681	     0
0.6020	  2365	0.3697	     0
0.6115	  2461	0.3714	     1
0.6211	  2315	0.3730	     0
0.6307	  2348	0.3747	     1
0.6402	  2344	0.3764	     0
0.6498	  2282	0.3780	     0
0.6594	  2313	0.3797	     0
0.6689	  2359	0.3813	     1
0.6785	  2486	0.3830	     0
0.6881	  2375	0.3847	     0
0.6977	  2335	0.3863	     0
0.7072	  2289	0.3880	     0
0.7168	  2363	0.3896	     1
0.7264	  2368	0.3913	     1
0.7359	  2368	0.3930	     0
0.7455	  2352	0.3946	     1
0.7551	  2366	0.3963	     1
0.7646	  2235	0.3979	     0
0.7742	  2396	0.3996	     0
0.7838	  2330	0.4013	     0
0.7934	  2434	0.4029	     0
0.8029	  2338	0.4046	     1
0.8125	  2338	0.4063	     0
0.8221	  2337	0.4079	     0
0.8316	  2481	0.4096	     0
0.8412	  2590	0.4112	     0
0.8508	  2517	0.4129	     0
0.8604	  2634	0.4146	     0
0.8699	  2596	0.4162	     0
0.8795	  2744	0.4179	     0
0.8891	  2677	0.4195	     0
0.8986	  2783	0.4212	     0
0.9082	  2691	0.4229	     1
0.9178	  2649	0.4245	     0
0.9273	  2703	0.4262	     0
0.9369	  2647	0.4278	     1
0.9465	  2682	0.4295	     0
0.9561	  2581	0.4312	     1
0.9656	  2520	0.4328	     0
0.9752	  2464	0.4345	     0
0.9848	  2367	0.4361	     0
0.9943	  2333	0.4378	     1
1.0039	  2360	0.4395	     0
1.0135	  2365	0.4411	     0
1.0230	  2329	0.4428	     0
1.0326	  2189	0.4444	     0
1.0422	  2256	0.4461	     0
1.0518	  2356	0.4478	     0
1.0613	  2154	0.4494	     0
1.0709	  2241	0.4511	     0
1.0805	  2191	0.4527	     0
1.0900	  2299	0.4544	     0
1.0996	  2244	0.4561	     0
1.1092	  2237	0.4577	     0
1.1188	  2183	0.4594	     0
1.1283	  2160	0.4610	     0
1.1379	  2191	0.4627	     1
1.1475	  2121	0.4644	     0
1.1570	  2170	0.4660	     0
1.1666	  2104	0.4677	     0
1.1762	  2106	0.4693	     0
1.1857	  2068	0.4710	     0
1.1953	  2032	0.4727	     0
1.2049	  1977	0.4743	     0
1.2145	  1891	0.4760	     0
1.2240	  1925	0.4776	     0
1.2336	  1879	0.4793	     0
1.2432	  1856	0.4810	     1
1.2527	  1977	0.4826	     1
1.2623	  1840	0.4843	     0
1.2719	  1801	0.4859	     0
1.2814	  1776	0.4876	     0
1.2910	  1761	0.4893	     0
1.3006	  1781	0.4909	     0
1.3102	  1760	0.4926	     1
1.3197	  1700	0.4942	     1
1.3293	  1737	0.4959	     1
1.3389	  1757	0.4976	     0
1.3484	  1730	0.4992	     0
1.3580	  1677	0.5009	     0
1.3676	  1805	0.5025	     0
1.3771	  1686	0.5042	     0
1.3867	  1736	0.5059	     0
1.3963	  1713	0.5075	     1
1.4059	  1681	0.5092	     0
1.4154	  1717	0.5108	     1
1.4250	  1677	0.5125	     1
1.4346	  1692	0.5142	     1
1.4441	  1749	0.5158	     1
1.4537	  1708	0.5175	     1
1.4633	  1661	0.5191	     0
1.4729	  1644	0.5208	     0
1.4824	  1708	0.5225	     0
1.4920	  1663	0.5241	     0
1.5016	  1718	0.5258	     0
1.5111	  1700	0.5274	     1
1.5207	  1629	0.5291	     0
1.5303	  1648	0.5308	     0
1.5398	  1655	0.5324	     1
1.5494	  1641	0.5341	     1
1.5590	  1599	0.5357	     0
1.5686	  1599	0.5374	     0
1.5781	  1597	0.5391	     1
1.5877	  1600	0.5407	     0
1.5973	  1519	0.5424	     0
1.6068	  1480	0.5440	     1
1.6164	  1369	0.5457	     0
1.6260	  1451	0.5474	     0
1.6355	  1307	0.5490	     0
1.6451	  1335	0.5507	     0
1.6547	  1334	0.5523	     0
1.6643	  1332	0.5540	     3
1.6738	  1245	0.5557	     1
1.6834	  1179	0.5573	     0
1.6930	  1201	0.5590	     1
1.7025	  1202	0.5606	     0
1.7121	  1148	0.5623	     0
1.7217	  1126	0.5640	     1
1.7313	  1141	0.5656	     1
1.7408	  1000	0.5673	     1
1.7504	  1077	0.5689	     0
1.7600	  1054	0.5706	     0
1.7695	  1061	0.5723	     1
1.7791	  1017	0.5739	     0
1.7887	  1042	0.5756	     0
1.7982	  1032	0.5772	     1
1.8078	  1011	0.5789	     0
1.8174	  1004	0.5806	     0
1.8270	  1004	0.5822	     1
1.8365	   969	0.5839	     0
1.8461	   993	0.5855	     0
1.8557	  1018	0.5872	     1
1.8652	  1036	0.5889	     1
1.8748	   979	0.5905	     1
1.8844	   955	0.5922	     0
1.8939	   967	0.5938	     0
1.9035	   951	0.5955	     1
1.9131	   981	0.5972	     1
1.9227	   944	0.5988	     0
1.9322	  1009	0.6005	     0
1.9418	   955	0.6021	     0
1.9514	   987	0.6038	     0
1.9609	  1009	0.6055	     1
1.9705	   959	0.6071	     1
1.9801	  1004	0.6088	     1
1.9896	   965	0.6104	     1
1.9992	  1052	0.6121	     0
2.0088	   952	0.6138	     1
2.0184	  1029	0.6154	     1
2.0279	   960	0.6171	     0
2.0375	   988	0.6187	     0
2.0471	   992	0.6204	     0
2.0566	  1047	0.6221	     0
2.0662	  1051	0.6237	     0
2.0758	  1029	0.6254	     0
2.0854	  1055	0.6271	     0
2.0949	  1063	0.6287	     0
2.1045	  1100	0.6304	     0
2.1141	  1077	0.6320	     0
2.1236	  1057	0.6337	     0
2.1332	  1053	0.6354	     0
2.1428	  1130	0.6370	     0
2.1523	  1115	0.6387	     0
2.1619	  1176	0.6403	     0
2.1715	  1145	0.6420	     0
2.1811	  1144	0.6437	     0
2.1906	  1156	0.6453	     0
2.2002	  1174	0.6470	     0
2.2098	  1249	0.6486	     2
2.2193	  1256	0.6503	     0
2.2289	  1364	0.6520	     0
2.2385	  1245	0.6536	     0
2.2480	  1357	0.6553	     1
2.2576	  1396	0.6569	     0
2.2672	  1401	0.6586	     0
2.2768	  1459	0.6603	     0
2.2863	  1445	0.6619	     1
2.2959	  1603	0.6636	     0
2.3055	  1696	0.6652	     0
2.3150	  1793	0.6669	     1
2.3246	  1848	0.6686	     0
2.3342	  2087	0.6702	     0
2.3438	  2229	0.6719	     0
2.3533	  2565	0.6735	     0
2.3629	  2807	0.6752	     0
2.3725	  3155	0.6769	     1
2.3820	  3520	0.6785	     1
2.3916	  3981	0.6802	     0
2.4012	  4468	0.6818	     0
2.4107	  4964	0.6835	     0
2.4203	  5579	0.6852	     0
2.4299	  6191	0.6868	     0
2.4395	  6967	0.6885	     0
2.4490	  7640	0.6901	     1
2.4586	  8319	0.6918	     0
2.4682	  9068	0.6935	     0
2.4777	  9849	0.6951	     0
2.4873	 10600	0.6968	     0
2.4969	 11274	0.6984	     0
2.5064	 11783	0.7001	     1
2.5160	 12496	0.7018	     2
2.5256	 12704	0.7034	     0
2.5352	 13157	0.7051	     0
2.5447	 13512	0.7067	     0
2.5543	 13401	0.7084	     1
2.5639	 13076	0.7101	     0
2.5734	 12878	0.7117	     0
2.5830	 12584	0.7134	     1
2.5926	 12087	0.7150	     1
2.6021	 11453	0.7167	     0
2.6117	 10639	0.7184	     0
2.6213	  9858	0.7200	     0
2.6309	  8913	0.7217	     0
2.6404	  8111	0.7233	     0
2.6500	  7223	0.7250	     0
2.6596	  6304	0.7267	     0
2.6691	  5513	0.7283	     0
2.6787	  4740	0.7300	     0
2.6883	  3984	0.7316	     0
2.6979	  3269	0.7333	     2
2.7074	  2886	0.7350	     0
2.7170	  2390	0.7366	     1
2.7266	  1963	0.7383	     0
2.7361	  1753	0.7399	     0
2.7457	  1405	0.7416	     0
2.7553	  1174	0.7433	     0
2.7648	  1018	0.7449	     0
2.7744	   881	0.7466	     0
2.7840	   800	0.7482	     0
2.7936	   663	0.7499	     0
2.8031	   666	0.7516	     0
2.8127	   597	0.7532	     1
2.8223	   613	0.7549	     0
2.8318	   529	0.7565	     0
2.8414	   564	0.7582	     2
2.8510	   508	0.7599	     1
2.8605	   505	0.7615	     0
2.8701	   524	0.7632	     0
2.8797	   490	0.7648	     0
2.8893	   529	0.7665	     0
2.8988	   527	0.7682	     0
2.9084	   528	0.7698	     0
2.9180	   561	0.7715	     0
2.9275	   547	0.7731	     0
2.9371	   509	0.7748	     0
2.9467	   554	0.7765	     0
2.9563	   483	0.7781	     0
2.9658	   552	0.7798	     0
2.9754	   540	0.7814	     1
2.9850	   507	0.7831	     0
2.9945	   529	0.7848	     0
3.0041	   522	0.7864	     1
3.0137	   500	0.7881	     0
3.0232	   551	0.7897	     0
3.0328	   511	0.7914	     0
3.0424	   491	0.7931	     1
3.0520	   503	0.7947	     0
3.0615	   535	0.7964	     0
3.0711	   530	0.7980	     1
3.0807	   493	0.7997	     1
3.0902	   507	0.8014	     1
3.0998	   515	0.8030	     2
3.1094	   522	0.8047	     2
3.1189	   545	0.8063	     1
3.1285	   564	0.8080	     0
3.1381	   529	0.8097	     0
3.1477	   544	0.8113	     1
3.1572	   548	0.8130	     0
3.1668	   501	0.8146	     0
3.1764	   532	0.8163	     1
3.1859	   539	0.8180	     0
3.1955	   526	0.8196	     0
3.2051	   560	0.8213	     0
3.2146	   521	0.8229	     0
3.2242	   525	0.8246	     0
3.2338	   500	0.8263	     0
3.2434	   511	0.8279	     0
3.2529	   545	0.8296	     0
3.2625	   563	0.8313	     0
3.2721	   534	0.8329	     0
3.2816	   529	0.8346	     0
3.2912	   555	0.8362	     0
3.3008	   537	0.8379	     0
3.3104	   511	0.8396	     0
3.3199	   568	0.8412	     0
3.3295	   536	0.8429	     0
3.3391	   540	0.8445	     0
3.3486	   536	0.8462	     0
3.3582	   570	0.8479	     1
3.3678	   531	0.8495	     0
3.3773	   518	0.8512	     0
3.3869	   514	0.8528	     0
3.3965	   530	0.8545	     0
3.4061	   551	0.8562	     0
3.4156	   540	0.8578	     0
3.4252	   552	0.8595	     0
3.4348	   542	0.8611	     0
3.4443	   577	0.8628	     0
3.4539	   514	0.8645	     0
3.4635	   551	0.8661	     0
3.4730	   566	0.8678	     0
3.4826	   537	0.8694	     1
3.4922	   577	0.8711	     0
3.5018	   545	0.8728	     0
3.5113	   550	0.8744	     0
3.5209	   531	0.8761	     1
3.5305	   554	0.8777	     0
3.5400	   542	0.8794	     0
3.5496	   557	0.8811	     0
3.5592	   556	0.8827	     0
3.5688	   576	0.8844	     0
3.5783	   571	0.8860	     0
3.5879	   531	0.8877	     0
3.5975	   568	0.8894	     0
3.6070	   575	0.8910	     0
3.6166	   566	0.8927	     0
3.6262	   578	0.8943	     1
3.6357	   556	0.8960	     0
3.6453	   528	0.8977	     0
3.6549	   560	0.8993	     0
3.6645	   568	0.9010	     0
3.6740	   592	0.9026	     0
3.6836	   539	0.9043	     0
3.6932	   543	0.9060	     2
3.7027	   576	0.9076	     0
3.7123	   573	0.9093	     0
3.7219	   588	0.9109	     1
3.7314	   570	0.9126	     0
3.7410	   561	0.9143	     0
3.7506	   564	0.9159	     0
3.7602	   600	0.9176	     0
3.7697	   592	0.9192	     1
3.7793	   588	0.9209	     0
3.7889	   586	0.9226	     1
3.7984	   562	0.9242	     0
3.8080	   584	0.9259	     0
3.8176	   625	0.9275	     0
3.8271	   533	0.9292	     0
3.8367	   585	0.9309	     0
3.8463	   574	0.9325	     0
3.8559	   612	0.9342	     0
3.8654	   630	0.9358	     0
3.8750	   605	0.9375	     0
3.8846	   590	0.9392	     1
3.8941	   565	0.9408	     0
3.9037	   588	0.9425	     0
3.9133	   617	0.9441	     1
3.9229	   615	0.9458	     0
3.9324	   583	0.9475	     1
3.9420	   573	0.9491	     0
3.9516	   651	0.9508	     0
3.9611	   615	0.9524	     0
3.9707	   583	0.9541	     1
3.9803	   565	0.9558	     0
3.9898	   597	0.9574	     0
3.9994	   593	0.9591	     0
4.0090	   607	0.9607	     1
4.0186	   576	0.9624	     0
4.0281	   594	0.9641	     0
4.0377	   589	0.9657	     0
4.0473	   621	0.9674	     1
4.0568	   591	0.9690	     0
4.0664	   580	0.9707	     0
4.0760	   591	0.9724	     0
4.0855	   599	0.9740	     1
4.0951	   603	0.9757	     1
4.1047	   655	0.9773	     0
4.1143	   658	0.9790	     0
4.1238	   604	0.9807	     1
4.1334	   659	0.9823	     0
4.1430	   662	0.9840	     0
4.1525	   694	0.9856	     0
4.1621	   693	0.9873	     0
4.1717	   740	0.9890	     0
4.1813	   776	0.9906	     0
4.1908	   777	0.9923	     0
4.2004	   760	0.9939	     1
4.2100	   735	0.9956	     0
4.2195	   820	0.9973	     0
4.2291	   763	0.9989	     0
4.2387	   913	1.0006	     0
4.2482	   850	1.0022	     0
4.2578	   875	1.0039	     0
4.2674	   964	1.0056	     0
4.2770	   924	1.0072	     0
4.2865	   963	1.0089	     0
4.2961	   971	1.0105	     0
4.3057	  1013	1.0122	     0
4.3152	  1053	1.0139	     0
4.3248	  1054	1.0155	     0
4.3344	  1029	1.0172	     0
4.3439	   949	1.0188	     0
4.3535	   838	1.0205	     0
4.3631	   876	1.0222	     0
4.3727	   823	1.0238	     0
4.3822	   761	1.0255	     2
4.3918	   856	1.0271	     0
4.4014	   876	1.0288	     0
4.4109	   895	1.0305	     1
4.4205	   937	1.0321	     0
4.4301	   894	1.0338	     0
4.4396	   867	1.0354	     0
4.4492	   917	1.0371	     0
4.4588	   934	1.0388	     0
4.4684	   937	1.0404	     0
4.4779	   963	1.0421	     1
4.4875	  1000	1.0438	     0
4.4971	  1000	1.0454	     1
4.5066	  1018	1.0471	     0
4.5162	  1077	1.0487	     0
4.5258	  1153	1.0504	     0
4.5354	  1155	1.0521	     0
4.5449	  1133	1.0537	     0
4.5545	  1014	1.0554	     0
4.5641	  1020	1.0570	     0
4.5736	   994	1.0587	     0
4.5832	   945	1.0604	     0
4.5928	   952	1.0620	     1
4.6023	   862	1.0637	     0
4.6119	   791	1.0653	     0
4.6215	   665	1.0670	     0
4.6311	   605	1.0687	     0
4.6406	   494	1.0703	     0
4.6502	   448	1.0720	     1
4.6598	   437	1.0736	     0
4.6693	   394	1.0753	     0
4.6789	   405	1.0770	     0
4.6885	   411	1.0786	     1
4.6980	   442	1.0803	     1
4.7076	   411	1.0819	     1
4.7172	   440	1.0836	     0
4.7268	   428	1.0853	     0
4.7363	   413	1.0869	     0
4.7459	   439	1.0886	     1
4.7555	   390	1.0902	     0
4.7650	   400	1.0919	     0
4.7746	   418	1.0936	     0
4.7842	   384	1.0952	     1
4.7938	   456	1.0969	     1
4.8033	   448	1.0985	     0
4.8129	   431	1.1002	     0
4.8225	   418	1.1019	     0
4.8320	   398	1.1035	     0
4.8416	   406	1.1052	     1
4.8512	   416	1.1068	     0
4.8607	   416	1.1085	     0
4.8703	   415	1.1102	     1
4.8799	   384	1.1118	     0
4.8895	   398	1.1135	     0
4.8990	   414	1.1151	     0
4.9086	   375	1.1168	     0
4.9182	   377	1.1185	     0
4.9277	   392	1.1201	     1
4.9373	   380	1.1218	     0
4.9469	   377	1.1234	     0
4.9564	   387	1.1251	     0
4.9660	   425	1.1268	     0
4.9756	   368	1.1284	     0
4.9852	   424	1.1301	     0
4.9947	   411	1.1317	     0
5.0043	   391	1.1334	     1
5.0139	   411	1.1351	     0
5.0234	   414	1.1367	     0
5.0330	   442	1.1384	     0
5.0426	   466	1.1400	     1
5.0521	   396	1.1417	     0
5.0617	   402	1.1434	     0
5.0713	   384	1.1450	     0
5.0809	   382	1.1467	     0
5.0904	   389	1.1483	     0
5.1000	   406	1.1500	     0
5.1096	   397	1.1517	     0
5.1191	   384	1.1533	     0
5.1287	   386	1.1550	     0
5.1383	   380	1.1566	     0
5.1479	   360	1.1583	     1
5.1574	   426	1.1600	     0
5.1670	   374	1.1616	     0
5.1766	   386	1.1633	     0
5.1861	   374	1.1649	     0
5.1957	   354	1.1666	     0
5.2053	   387	1.1683	     0
5.2148	   367	1.1699	     0
5.2244	   352	1.1716	     0
5.2340	   356	1.1732	     0
5.2436	   364	1.1749	     0
5.2531	   366	1.1766	     0
5.2627	   380	1.1782	     0
5.2723	   348	1.1799	     0
5.2818	   403	1.1815	     0
5.2914	   346	1.1832	     0
5.3010	   398	1.1849	     1
5.3105	   412	1.1865	     0
5.3201	   353	1.1882	     0
5.3297	   362	1.1898	     0
5.3393	   353	1.1915	     0
5.3488	   366	1.1932	     0
5.3584	   377	1.1948	     0
5.3680	   382	1.1965	     0
5.3775	   400	1.1981	     1
5.3871	   355	1.1998	     1
5.3967	   390	1.2015	     0
5.4063	   371	1.2031	     1
5.4158	   376	1.2048	     0
5.4254	   409	1.2064	     0
5.4350	   382	1.2081	     0
5.4445	   338	1.2098	     0
5.4541	   381	1.2114	     0
5.4637	   383	1.2131	     1
5.4732	   364	1.2147	     0
5.4828	   397	1.2164	     1
5.4924	   344	1.2181	     0
5.5020	   394	1.2197	     0
5.5115	   353	1.2214	     0
5.5211	   373	1.2230	     0
5.5307	   395	1.2247	     0
5.5402	   447	1.2264	     0
5.5498	   422	1.2280	     0
5.5594	   450	1.2297	     0
5.5689	   450	1.2313	     0
5.5785	   426	1.2330	     0
5.5881	   470	1.2347	     1
5.5977	   438	1.2363	     0
5.6072	   489	1.2380	     0
5.6168	   437	1.2396	     0
5.6264	   524	1.2413	     2
5.6359	   546	1.2430	     0
5.6455	   613	1.2446	     0
5.6551	   665	1.2463	     0
5.6646	   743	1.2479	     0
5.6742	   809	1.2496	     0
5.6838	   986	1.2513	     0
5.6934	  1128	1.2529	     0
5.7029	  1238	1.2546	     0
5.7125	  1465	1.2562	     1
5.7221	  1734	1.2579	     0
5.7316	  2029	1.2596	     0
5.7412	  2361	1.2612	     0
5.7508	  2630	1.2629	     0
5.7604	  3013	1.2646	     0
5.7699	  3482	1.2662	     0
5.7795	  3879	1.2679	     0
5.7891	  4535	1.2695	     0
5.7986	  5039	1.2712	     0
5.8082	  5798	1.2729	     0
5.8178	  6264	1.2745	     0
5.8273	  6688	1.2762	     0
5.8369	  6842	1.2778	     0
5.8465	  6872	1.2795	     0
5.8561	  6906	1.2812	     0
5.8656	  6816	1.2828	     1
5.8752	  6593	1.2845	     0
5.8848	  6477	1.2861	     0
5.8943	  5966	1.2878	     0
5.9039	  5438	1.2895	     0
5.9135	  4981	1.2911	     1
5.9230	  4355	1.2928	     0
5.9326	  3755	1.2944	     0
5.9422	  3320	1.2961	     0
5.9518	  2756	1.2978	     0
5.9613	  2259	1.2994	     0
5.9709	  1853	1.3011	     0
5.9805	  1453	1.3027	     0
5.9900	  1079	1.3044	     0
5.9996	   833	1.3061	     0
6.0092	   640	1.3077	     0
6.0188	   521	1.3094	     0
6.0283	   360	1.3110	     0
6.0379	   276	1.3127	     0
6.0475	   197	1.3144	     0
6.0570	   135	1.3160	     0
6.0666	   103	1.3177	     0
6.0762	    85	1.3193	     0
6.0857	    70	1.3210	     0
6.0953	    58	1.3227	     0
6.1049	    59	1.3243	     0
6.1145	    51	1.3260	     0
6.1240	    63	1.3276	     0
6.1336	    77	1.3293	     0
6.1432	    56	1.3310	     0
6.1527	    59	1.3326	     1
6.1623	    63	1.3343	     0
6.1719	    74	1.3359	     0
6.1814	    73	1.3376	     0
6.1910	    61	1.3393	     0
6.2006	    73	1.3409	     0
6.2102	    56	1.3426	     0
6.2197	    61	1.3442	     0
6.2293	    45	1.3459	     1
6.2389	    45	1.3476	     0
6.2484	    41	1.3492	     0
6.2580	    44	1.3509	     0
6.2676	    43	1.3525	     0
6.2771	    36	1.3542	     0
6.2867	    39	1.3559	     0
6.2963	    20	1.3575	     0
6.3059	    29	1.3592	     0
6.3154	    32	1.3608	     0
6.3250	    24	1.3625	     0
6.3346	    19	1.3642	     0
6.3441	    15	1.3658	     1
6.3537	    24	1.3675	     0
6.3633	    15	1.3691	     0
6.3729	    23	1.3708	     0
6.3824	    20	1.3725	     0
6.3920	    17	1.3741	     0
6.4016	    29	1.3758	     1
6.4111	    19	1.3774	     0
6.4207	    17	1.3791	     0
6.4303	    24	1.3808	     2
6.4398	    23	1.3824	     1
6.4494	    20	1.3841	     0
6.4590	    18	1.3857	     0
6.4686	    16	1.3874	     0
6.4781	    19	1.3891	     0
6.4877	    26	1.3907	     0
6.4973	    17	1.3924	     0
6.5068	    18	1.3940	     0
6.5164	    40	1.3957	     0
6.5260	    30	1.3974	     1
6.5355	    33	1.3990	     0
6.5451	    34	1.4007	     0
6.5547	    36	1.4023	     1
6.5643	    35	1.4040	     0
6.5738	    30	1.4057	     0
6.5834	    41	1.4073	     0
6.5930	    28	1.4090	     0
6.6025	    32	1.4106	     0
6.6121	    32	1.4123	     1
6.6217	    29	1.4140	     1
6.6313	    26	1.4156	     0
6.6408	    20	1.4173	     0
6.6504	    31	1.4189	     1
6.6600	    35	1.4206	     0
6.6695	    22	1.4223	     0
6.6791	    33	1.4239	     0
6.6887	    28	1.4256	     0
6.6982	    32	1.4272	     0
6.7078	    19	1.4289	     0
6.7174	    39	1.4306	     0
6.7270	    24	1.4322	     0
6.7365	    40	1.4339	     1
6.7461	    25	1.4355	     0
6.7557	    41	1.4372	     0
6.7652	    31	1.4389	     1
6.7748	    29	1.4405	     0
6.7844	    37	1.4422	     0
6.7939	    42	1.4438	     0
6.8035	    30	1.4455	     0
6.8131	    21	1.4472	     0
6.8227	    22	1.4488	     1
6.8322	    24	1.4505	     1
6.8418	    21	1.4521	     0
6.8514	    25	1.4538	     0
6.8609	    19	1.4555	     1
6.8705	    19	1.4571	     0
6.8801	    20	1.4588	     0
6.8896	    21	1.4604	     0
6.8992	    16	1.4621	     0
6.9088	    15	1.4638	     0
6.9184	    16	1.4654	     0
6.9279	     9	1.4671	     0
6.9375	    14	1.4688	     0
6.9471	     8	1.4704	     0
6.9566	    12	1.4721	     1
6.9662	     6	1.4737	     0
6.9758	     8	1.4754	     0
6.9854	    11	1.4771	     0
6.9949	     3	1.4787	     0
7.0045	     6	1.4804	     0
7.0141	     6	1.4820	     0
7.0236	     5	1.4837	     0
7.0332	     4	1.4854	     0
7.0428	     9	1.4870	     0
7.0523	     3	1.4887	     0
7.0619	     6	1.4903	     1
7.0715	     3	1.4920	     0
7.0811	     2	1.4937	     0
7.0906	     2	1.4953	     0
7.1002	     1	1.4970	     0
7.1098	     3	1.4986	     0
7.1193	     2	1.5003	     1
7.1289	     2	1.5020	     0
7.1385	     2	1.5036	     0
7.1480	     5	1.5053	     1
7.1576	     2	1.5069	     0
7.1672	     1	1.5086	     0
7.1768	     0	1.5103	     0
7.1863	     3	1.5119	     0
7.1959	     3	1.5136	     0
7.2055	     5	1.5152	     0
7.2150	     3	1.5169	     0
7.2246	     4	1.5186	     0
7.2342	     3	1.5202	     0
7.2438	     1	1.5219	     0
7.2533	     3	1.5235	     1
7.2629	     2	1.5252	     0
7.2725	     5	1.5269	     0
7.2820	     4	1.5285	     0
7.2916	     2	1.5302	     0
7.3012	     2	1.5318	     0
7.3107	     0	1.5335	     0
7.3203	     3	1.5352	     0
7.3299	     1	1.5368	     0
7.3395	     3	1.5385	     0
7.3490	     3	1.5401	     0
7.3586	     2	1.5418	     0
7.3682	     0	1.5435	     0
7.3777	     1	1.5451	     0
7.3873	     2	1.5468	     1
7.3969	     5	1.5484	     0
7.4064	     2	1.5501	     0
7.4160	     4	1.5518	     1
7.4256	     3	1.5534	     1
7.4352	     4	1.5551	     0
7.4447	     5	1.5567	     0
7.4543	     3	1.5584	     0
7.4639	     4	1.5601	     0
7.4734	     2	1.5617	     0
7.4830	     1	1.5634	     0
7.4926	     3	1.5650	     0
7.5021	     3	1.5667	     2
7.5117	     0	1.5684	     0
7.5213	     3	1.5700	     0
7.5309	     1	1.5717	     0
7.5404	     1	1.5733	     0
7.5500	     3	1.5750	     0
7.5596	     0	1.5767	     0
7.5691	     1	1.5783	     0
7.5787	     0	1.5800	     0
7.5883	     1	1.5816	     0
7.5979	     1	1.5833	     0
7.6074	     0	1.5850	     0
7.6170	     0	1.5866	     1
7.6266	     1	1.5883	     0
7.6361	     0	1.5899	     0
7.6457	     0	1.5916	     0
7.6553	     0	1.5933	     0
7.6648	     0	1.5949	     0
7.6744	     0	1.5966	     0
7.6840	     0	1.5982	     0
7.6936	     1	1.5999	     0
7.7031	     0	1.6016	     0
7.7127	     0	1.6032	     0
7.7223	     0	1.6049	     1
7.7318	     0	1.6065	     0
7.7414	     0	1.6082	     0
7.7510	     0	1.6099	     0
7.7605	     0	1.6115	     0
7.7701	     0	1.6132	     1
7.7797	     0	1.6148	     0
7.7893	     1	1.6165	     0
7.7988	     0	1.6182	     0
7.8084	     0	1.6198	     0
7.8180	     0	1.6215	     0
7.8275	     0	1.6231	     0
7.8371	     0	1.6248	     0
7.8467	     0	1.6265	     0
7.8563	     0	1.6281	     1
7.8658	     0	1.6298	     0
7.8754	     0	1.6314	     0
7.8850	     0	1.6331	     0
7.8945	     0	1.6348	     0
7.9041	     0	1.6364	     0
7.9137	     0	1.6381	     0
7.9232	     0	1.6397	     1
7.9328	     0	1.6414	     0
7.9424	     0	1.6431	     1
7.9520	     1	1.6447	     0
7.9615	     0	1.6464	     0
7.9711	     0	1.6480	     0
7.9807	     0	1.6497	     0
7.9902	     0	1.6514	     0
7.9998	     0	1.6530	     0
8.0094	     0	1.6547	     0
8.0189	     0	1.6563	     0
8.0285	     0	1.6580	     0
8.0381	     0	1.6597	     0
8.0477	     0	1.6613	     0
8.0572	     0	1.6630	     0
8.0668	     0	1.6646	     0
8.0764	     0	1.6663	     0
8.0859	     0	1.6680	     0
8.0955	     0	1.6696	     0
8.1051	     0	1.6713	     0
8.1146	     0	1.6729	     0
8.1242	     0	1.6746	     0
8.1338	     0	1.6763	     1
8.1434	     0	1.6779	     1
8.1529	     0	1.6796	     0
8.1625	     0	1.6812	     0
8.1721	     0	1.6829	     0
8.1816	     1	1.6846	     0
8.1912	     0	1.6862	     0
8.2008	     0	1.6879	     0
8.2104	     0	1.6896	     0
8.2199	     0	1.6912	     1
8.2295	     0	1.6929	     0
8.2391	     0	1.6945	     0
8.2486	     0	1.6962	     2
8.2582	     0	1.6979	     0
8.2678	     0	1.6995	     0
8.2773	     0	1.7012	     0
8.2869	     0	1.7028	     1
8.2965	     0	1.7045	     0
8.3061	     0	1.7062	     0
8.3156	     0	1.7078	     0
8.3252	     0	1.7095	     0
8.3348	     0	1.7111	     0
8.3443	     0	1.7128	     0
8.3539	     0	1.7145	     0
8.3635	     0	1.7161	     0
8.3730	     0	1.7178	     0
8.3826	     0	1.7194	     0
8.3922	     0	1.7211	     0
8.4018	     0	1.7228	     0
8.4113	     0	1.7244	     0
8.4209	     0	1.7261	     0
8.4305	     0	1.7277	     0
8.4400	     0	1.7294	     0
8.4496	     0	1.7311	     0
8.4592	     0	1.7327	     0
8.4688	     0	1.7344	     0
8.4783	     0	1.7360	     1
8.4879	     0	1.7377	     0
8.4975	     0	1.7394	     0
8.5070	     0	1.7410	     0
8.5166	     0	1.7427	     0
8.5262	     0	1.7443	     0
8.5357	     0	1.7460	     0
8.5453	     0	1.7477	     0
8.5549	     0	1.7493	     0
8.5645	     0	1.7510	     0
8.5740	     0	1.7526	     0
8.5836	     0	1.7543	     0
8.5932	     0	1.7560	     0
8.6027	     0	1.7576	     0
8.6123	     0	1.7593	     0
8.6219	     0	1.7609	     0
8.6314	     0	1.7626	     0
8.6410	     0	1.7643	     0
8.6506	     0	1.7659	     0
8.6602	     0	1.7676	     0
8.6697	     0	1.7692	     0
8.6793	     0	1.7709	     0
8.6889	     0	1.7726	     0
8.6984	     0	1.7742	     0
8.7080	     0	1.7759	     0
8.7176	     0	1.7775	     0
8.7271	     0	1.7792	     0
8.7367	     0	1.7809	     1
8.7463	     0	1.7825	     0
8.7559	     0	1.7842	     0
8.7654	     0	1.7858	     0
8.7750	     0	1.7875	     0
8.7846	     0	1.7892	     0
8.7941	     0	1.7908	     0
8.8037	     0	1.7925	     0
8.8133	     0	1.7941	     0
8.8229	     0	1.7958	     0
8.8324	     0	1.7975	     0
8.8420	     0	1.7991	     0
8.8516	     0	1.8008	     0
8.8611	     0	1.8024	     0
8.8707	     0	1.8041	     0
8.8803	     0	1.8058	     0
8.8898	     0	1.8074	     0
8.8994	     0	1.8091	     0
8.9090	     0	1.8107	     0
8.9186	     0	1.8124	     0
8.9281	     0	1.8141	     0
8.9377	     0	1.8157	     1
8.9473	     0	1.8174	     0
8.9568	     0	1.8190	     0
8.9664	     0	1.8207	     0
8.9760	     0	1.8224	     0
8.9855	     0	1.8240	     0
8.9951	     0	1.8257	     0
9.0047	     0	1.8273	     1
9.0143	     0	1.8290	     0
9.0238	     0	1.8307	     0
9.0334	     0	1.8323	     0
9.0430	     0	1.8340	     0
9.0525	     0	1.8356	     0
9.0621	     0	1.8373	     0
9.0717	     0	1.8390	     0
9.0813	     0	1.8406	     0
9.0908	     0	1.8423	     0
9.1004	     0	1.8439	     0
9.1100	     0	1.8456	     0
9.1195	     0	1.8473	     1
9.1291	     0	1.8489	     0
9.1387	     0	1.8506	     0
9.1482	     0	1.8522	     0
9.1578	     0	1.8539	     0
9.1674	     0	1.8556	     0
9.1770	     0	1.8572	     0
9.1865	     0	1.8589	     1
9.1961	     0	1.8605	     0
9.2057	     0	1.8622	     0
9.2152	     0	1.8639	     0
9.2248	     0	1.8655	     0
9.2344	     0	1.8672	     0
9.2439	     0	1.8688	     0
9.2535	     0	1.8705	     0
9.2631	     0	1.8722	     0
9.2727	     0	1.8738	     0
9.2822	     0	1.8755	     0
9.2918	     0	1.8771	     0
9.3014	     0	1.8788	     0
9.3109	     0	1.8805	     1
9.3205	     0	1.8821	     0
9.3301	     0	1.8838	     0
9.3396	     0	1.8854	     0
9.3492	     0	1.8871	     0
9.3588	     0	1.8888	     0
9.3684	     0	1.8904	     0
9.3779	     0	1.8921	     0
9.3875	     0	1.8938	     0
9.3971	     0	1.8954	     0
9.4066	     0	1.8971	     0
9.4162	     0	1.8987	     0
9.4258	     0	1.9004	     0
9.4354	     0	1.9021	     0
9.4449	     0	1.9037	     0
9.4545	     0	1.9054	     0
9.4641	     0	1.9070	     1
9.4736	     0	1.9087	     0
9.4832	     0	1.9104	     0
9.4928	     0	1.9120	     0
9.5023	     0	1.9137	     0
9.5119	     0	1.9153	     0
9.5215	     0	1.9170	     0
9.5311	     0	1.9187	     0
9.5406	     0	1.9203	     1
9.5502	     0	1.9220	     0
9.5598	     0	1.9236	     0
9.5693	     0	1.9253	     0
9.5789	     0	1.9270	     0
9.5885	     0	1.9286	     0
9.5980	     0	1.9303	     0
9.6076	     0	1.9319	     0
9.6172	     0	1.9336	     0
9.6268	     0	1.9353	     0
9.6363	     0	1.9369	     0
9.6459	     0	1.9386	     0
9.6555	     0	1.9402	     0
9.6650	     0	1.9419	     0
9.6746	     0	1.9436	     0
9.6842	     0	1.9452	     1
9.6937	     0	1.9469	     0
9.7033	     0	1.9485	     0
9.7129	     0	1.9502	     0
9.7225	     0	1.9519	     0
9.7320	     0	1.9535	     0
9.7416	     0	1.9552	     0
9.7512	     0	1.9568	     0
9.7607	     0	1.9585	     0
9.7703	     0	1.9602	     0
9.7799	     0	1.9618	     0
9.7895	     0	1.9635	     0
9.7990	     0	1.9651	     0
9.8086	     0	1.9668	     0
9.8182	     0	1.9685	     0
9.8277	     0	1.9701	     0
9.8373	     0	1.9718	     0
9.8469	     0	1.9734	     0
9.8564	     0	1.9751	     0
9.8660	     0	1.9768	     0
9.8756	     0	1.9784	     1
9.8852	     0	1.9801	     0
9.8947	     0	1.9817	     1
9.9043	     0	1.9834	     0
9.9139	     0	1.9851	     1
9.9234	     0	1.9867	     0
9.9330	     0	1.9884	     0
9.9426	     0	1.9900	     0
9.9521	     0	1.9917	     1
9.9617	     0	1.9934	     0
9.9713	     0	1.9950	     0
9.9809	     0	1.9967	     1
9.9904	     0	1.9983	     0
