04/03/2019 15:23:49
LT: 300.37

1.0000	     1	0.3000	     0
1.0088	     1	0.3017	     0
1.0176	     0	0.3033	     0
1.0264	     3	0.3050	     0
1.0352	     2	0.3066	     0
1.0439	     2	0.3083	     0
1.0527	     1	0.3100	     0
1.0615	     1	0.3116	     0
1.0703	     2	0.3133	     0
1.0791	     0	0.3149	     0
1.0879	     2	0.3166	     0
1.0967	     1	0.3183	     0
1.1055	     5	0.3199	     0
1.1143	     4	0.3216	     0
1.1230	     0	0.3232	     0
1.1318	     1	0.3249	     0
1.1406	     1	0.3266	     0
1.1494	     3	0.3282	     0
1.1582	     3	0.3299	     0
1.1670	     2	0.3315	     0
1.1758	     6	0.3332	     0
1.1846	     0	0.3349	     0
1.1934	     3	0.3365	     0
1.2021	     0	0.3382	     0
1.2109	     2	0.3398	     0
1.2197	     0	0.3415	     0
1.2285	     0	0.3432	     0
1.2373	     2	0.3448	     0
1.2461	     3	0.3465	     0
1.2549	     1	0.3481	     0
1.2637	     2	0.3498	     0
1.2725	     1	0.3515	     0
1.2813	     1	0.3531	     0
1.2900	     1	0.3548	     0
1.2988	     1	0.3564	     0
1.3076	     2	0.3581	     0
1.3164	     1	0.3598	     0
1.3252	     2	0.3614	     0
1.3340	     2	0.3631	     0
1.3428	     2	0.3647	     0
1.3516	     2	0.3664	     0
1.3604	     2	0.3681	     0
1.3691	     0	0.3697	     0
1.3779	     2	0.3714	     0
1.3867	     3	0.3730	     0
1.3955	     3	0.3747	     0
1.4043	     3	0.3764	     0
1.4131	     5	0.3780	     0
1.4219	     2	0.3797	     0
1.4307	     4	0.3813	     0
1.4395	     1	0.3830	     0
1.4482	     0	0.3847	     0
1.4570	     2	0.3863	     0
1.4658	     1	0.3880	     0
1.4746	     4	0.3896	     0
1.4834	     1	0.3913	     0
1.4922	     0	0.3930	     0
1.5010	     1	0.3946	     0
1.5098	     3	0.3963	     0
1.5186	     2	0.3979	     0
1.5273	     3	0.3996	     0
1.5361	     2	0.4013	     0
1.5449	     4	0.4029	     0
1.5537	     4	0.4046	     0
1.5625	     4	0.4063	     0
1.5713	     1	0.4079	     0
1.5801	     2	0.4096	     0
1.5889	     1	0.4112	     0
1.5977	     1	0.4129	     0
1.6064	     5	0.4146	     0
1.6152	     1	0.4162	     0
1.6240	     0	0.4179	     0
1.6328	     1	0.4195	     0
1.6416	     1	0.4212	     0
1.6504	     0	0.4229	     0
1.6592	     6	0.4245	     0
1.6680	     2	0.4262	     0
1.6768	     2	0.4278	     0
1.6855	     0	0.4295	     0
1.6943	     1	0.4312	     0
1.7031	     5	0.4328	     0
1.7119	     1	0.4345	     0
1.7207	     4	0.4361	     0
1.7295	     3	0.4378	     0
1.7383	     0	0.4395	     0
1.7471	     0	0.4411	     0
1.7559	     2	0.4428	     0
1.7646	     3	0.4444	     0
1.7734	     0	0.4461	     0
1.7822	     1	0.4478	     0
1.7910	     0	0.4494	     0
1.7998	     0	0.4511	     0
1.8086	     0	0.4527	     0
1.8174	     0	0.4544	     0
1.8262	     3	0.4561	     0
1.8350	     0	0.4577	     0
1.8438	     0	0.4594	     0
1.8525	     2	0.4610	     0
1.8613	     1	0.4627	     0
1.8701	     0	0.4644	     0
1.8789	     1	0.4660	     0
1.8877	     1	0.4677	     0
1.8965	     3	0.4693	     0
1.9053	     3	0.4710	     0
1.9141	     3	0.4727	     0
1.9229	     2	0.4743	     0
1.9316	     0	0.4760	     0
1.9404	     1	0.4776	     0
1.9492	     2	0.4793	     0
1.9580	     2	0.4810	     0
1.9668	     2	0.4826	     0
1.9756	     2	0.4843	     0
1.9844	     2	0.4859	     0
1.9932	     1	0.4876	     0
2.0020	     5	0.4893	     0
2.0107	     0	0.4909	     0
2.0195	     2	0.4926	     0
2.0283	     2	0.4942	     0
2.0371	     1	0.4959	     0
2.0459	     1	0.4976	     0
2.0547	     1	0.4992	     0
2.0635	     1	0.5009	     0
2.0723	     1	0.5025	     0
2.0811	     0	0.5042	     0
2.0898	     0	0.5059	     0
2.0986	     2	0.5075	     0
2.1074	     5	0.5092	     0
2.1162	     3	0.5108	     0
2.1250	     2	0.5125	     0
2.1338	     1	0.5142	     0
2.1426	     2	0.5158	     0
2.1514	     1	0.5175	     0
2.1602	     0	0.5191	     0
2.1689	     0	0.5208	     0
2.1777	     2	0.5225	     0
2.1865	     2	0.5241	     0
2.1953	     2	0.5258	     0
2.2041	     2	0.5274	     0
2.2129	     1	0.5291	     0
2.2217	     1	0.5308	     0
2.2305	     1	0.5324	     0
2.2393	     0	0.5341	     0
2.2480	     1	0.5357	     0
2.2568	     2	0.5374	     0
2.2656	     1	0.5391	     0
2.2744	     3	0.5407	     0
2.2832	     1	0.5424	     0
2.2920	     3	0.5440	     0
2.3008	     0	0.5457	     0
2.3096	     1	0.5474	     0
2.3184	     4	0.5490	     0
2.3271	     3	0.5507	     0
2.3359	     1	0.5523	     0
2.3447	     6	0.5540	     0
2.3535	     3	0.5557	     0
2.3623	     5	0.5573	     0
2.3711	     1	0.5590	     0
2.3799	     2	0.5606	     0
2.3887	     0	0.5623	     0
2.3975	     4	0.5640	     0
2.4063	     4	0.5656	     0
2.4150	     1	0.5673	     0
2.4238	     5	0.5689	     0
2.4326	     2	0.5706	     0
2.4414	     2	0.5723	     0
2.4502	     2	0.5739	     0
2.4590	     0	0.5756	     0
2.4678	     2	0.5772	     0
2.4766	     1	0.5789	     0
2.4854	     0	0.5806	     0
2.4941	     1	0.5822	     0
2.5029	     1	0.5839	     0
2.5117	     4	0.5855	     0
2.5205	     0	0.5872	     0
2.5293	     4	0.5889	     0
2.5381	     6	0.5905	     0
2.5469	     4	0.5922	     0
2.5557	     1	0.5938	     0
2.5645	     2	0.5955	     0
2.5732	     0	0.5972	     0
2.5820	     2	0.5988	     0
2.5908	     3	0.6005	     0
2.5996	     2	0.6021	     0
2.6084	     3	0.6038	     0
2.6172	     2	0.6055	     0
2.6260	     2	0.6071	     0
2.6348	     3	0.6088	     0
2.6436	     5	0.6104	     0
2.6523	     3	0.6121	     0
2.6611	     2	0.6138	     0
2.6699	     3	0.6154	     0
2.6787	     5	0.6171	     0
2.6875	     4	0.6187	     0
2.6963	     2	0.6204	     0
2.7051	     2	0.6221	     0
2.7139	     3	0.6237	     0
2.7227	     6	0.6254	     0
2.7314	     2	0.6271	     0
2.7402	     3	0.6287	     0
2.7490	     4	0.6304	     0
2.7578	     4	0.6320	     0
2.7666	     4	0.6337	     0
2.7754	     4	0.6354	     0
2.7842	     3	0.6370	     0
2.7930	     5	0.6387	     0
2.8018	     2	0.6403	     0
2.8105	     2	0.6420	     0
2.8193	     3	0.6437	     0
2.8281	     4	0.6453	     0
2.8369	     4	0.6470	     0
2.8457	     5	0.6486	     0
2.8545	     4	0.6503	     0
2.8633	     3	0.6520	     0
2.8721	     3	0.6536	     0
2.8809	     6	0.6553	     0
2.8896	     4	0.6569	     0
2.8984	     4	0.6586	     0
2.9072	     4	0.6603	     0
2.9160	     3	0.6619	     0
2.9248	     3	0.6636	     0
2.9336	     8	0.6652	     0
2.9424	     5	0.6669	     0
2.9512	     4	0.6686	     0
2.9600	     5	0.6702	     0
2.9688	     5	0.6719	     0
2.9775	     2	0.6735	     0
2.9863	     4	0.6752	     0
2.9951	     9	0.6769	     0
3.0039	     7	0.6785	     0
3.0127	     3	0.6802	     0
3.0215	     4	0.6818	     0
3.0303	     4	0.6835	     0
3.0391	     3	0.6852	     0
3.0479	     1	0.6868	     0
3.0566	     7	0.6885	     0
3.0654	     4	0.6901	     0
3.0742	     4	0.6918	     0
3.0830	     7	0.6935	     0
3.0918	     5	0.6951	     0
3.1006	     4	0.6968	     0
3.1094	    12	0.6984	     0
3.1182	     2	0.7001	     0
3.1270	     2	0.7018	     0
3.1357	     6	0.7034	     0
3.1445	     8	0.7051	     0
3.1533	     7	0.7067	     0
3.1621	     5	0.7084	     0
3.1709	     7	0.7101	     0
3.1797	     8	0.7117	     0
3.1885	     9	0.7134	     0
3.1973	     4	0.7150	     0
3.2061	     4	0.7167	     0
3.2148	     9	0.7184	     0
3.2236	     7	0.7200	     0
3.2324	     5	0.7217	     0
3.2412	    11	0.7233	     0
3.2500	     6	0.7250	     0
3.2588	     7	0.7267	     0
3.2676	     4	0.7283	     0
3.2764	     7	0.7300	     0
3.2852	     6	0.7316	     0
3.2939	     8	0.7333	     0
3.3027	     4	0.7350	     0
3.3115	    13	0.7366	     0
3.3203	     7	0.7383	     0
3.3291	     9	0.7399	     0
3.3379	    13	0.7416	     0
3.3467	    12	0.7433	     0
3.3555	    11	0.7449	     0
3.3643	     5	0.7466	     0
3.3730	     8	0.7482	     0
3.3818	    13	0.7499	     0
3.3906	    16	0.7516	     0
3.3994	    12	0.7532	     0
3.4082	    10	0.7549	     0
3.4170	    11	0.7565	     0
3.4258	     8	0.7582	     0
3.4346	    11	0.7599	     0
3.4434	    12	0.7615	     0
3.4521	     8	0.7632	     0
3.4609	    10	0.7648	     0
3.4697	     8	0.7665	     0
3.4785	    10	0.7682	     0
3.4873	    17	0.7698	     0
3.4961	     7	0.7715	     0
3.5049	     7	0.7731	     0
3.5137	    13	0.7748	     0
3.5225	     9	0.7765	     0
3.5313	    14	0.7781	     0
3.5400	    10	0.7798	     0
3.5488	    10	0.7814	     0
3.5576	    14	0.7831	     0
3.5664	    11	0.7848	     0
3.5752	    10	0.7864	     0
3.5840	    15	0.7881	     0
3.5928	    11	0.7897	     0
3.6016	    19	0.7914	     0
3.6104	    13	0.7931	     0
3.6191	     6	0.7947	     0
3.6279	     9	0.7964	     0
3.6367	    11	0.7980	     0
3.6455	    16	0.7997	     0
3.6543	    11	0.8014	     0
3.6631	    15	0.8030	     0
3.6719	    15	0.8047	     0
3.6807	     6	0.8063	     0
3.6895	    15	0.8080	     0
3.6982	    12	0.8097	     0
3.7070	    15	0.8113	     0
3.7158	    12	0.8130	     0
3.7246	    13	0.8146	     0
3.7334	    14	0.8163	     0
3.7422	    15	0.8180	     0
3.7510	     8	0.8196	     0
3.7598	    11	0.8213	     0
3.7686	    12	0.8229	     0
3.7773	    12	0.8246	     1
3.7861	     8	0.8263	     0
3.7949	     8	0.8279	     0
3.8037	    21	0.8296	     0
3.8125	    10	0.8313	     0
3.8213	    13	0.8329	     0
3.8301	    11	0.8346	     0
3.8389	    15	0.8362	     0
3.8477	     8	0.8379	     0
3.8564	    14	0.8396	     0
3.8652	     9	0.8412	     0
3.8740	    23	0.8429	     0
3.8828	     8	0.8445	     0
3.8916	    17	0.8462	     0
3.9004	     9	0.8479	     0
3.9092	    16	0.8495	     0
3.9180	    17	0.8512	     0
3.9268	    15	0.8528	     0
3.9355	    11	0.8545	     0
3.9443	    16	0.8562	     0
3.9531	     6	0.8578	     0
3.9619	    11	0.8595	     0
3.9707	    15	0.8611	     0
3.9795	    13	0.8628	     0
3.9883	    16	0.8645	     0
3.9971	    14	0.8661	     0
4.0059	    13	0.8678	     0
4.0146	    22	0.8694	     0
4.0234	    20	0.8711	     0
4.0322	    15	0.8728	     0
4.0410	    12	0.8744	     0
4.0498	    17	0.8761	     0
4.0586	    16	0.8777	     0
4.0674	    14	0.8794	     0
4.0762	    13	0.8811	     0
4.0850	    12	0.8827	     0
4.0938	    17	0.8844	     0
4.1025	    11	0.8860	     0
4.1113	    16	0.8877	     0
4.1201	    18	0.8894	     0
4.1289	    18	0.8910	     0
4.1377	    13	0.8927	     0
4.1465	    19	0.8943	     0
4.1553	    17	0.8960	     0
4.1641	    13	0.8977	     0
4.1729	    16	0.8993	     0
4.1816	    18	0.9010	     0
4.1904	    13	0.9026	     0
4.1992	    17	0.9043	     0
4.2080	    12	0.9060	     0
4.2168	    18	0.9076	     0
4.2256	    16	0.9093	     0
4.2344	    24	0.9109	     0
4.2432	    17	0.9126	     0
4.2520	    24	0.9143	     0
4.2607	    25	0.9159	     1
4.2695	    23	0.9176	     0
4.2783	    21	0.9192	     0
4.2871	    16	0.9209	     0
4.2959	    22	0.9226	     0
4.3047	    14	0.9242	     0
4.3135	    25	0.9259	     0
4.3223	    14	0.9275	     0
4.3311	    20	0.9292	     0
4.3398	    27	0.9309	     0
4.3486	    22	0.9325	     0
4.3574	    27	0.9342	     0
4.3662	    21	0.9358	     0
4.3750	    21	0.9375	     0
4.3838	    18	0.9392	     0
4.3926	    17	0.9408	     0
4.4014	    25	0.9425	     0
4.4102	    16	0.9441	     0
4.4189	    29	0.9458	     0
4.4277	    22	0.9475	     0
4.4365	    21	0.9491	     0
4.4453	    25	0.9508	     0
4.4541	    28	0.9524	     0
4.4629	    23	0.9541	     0
4.4717	    19	0.9558	     0
4.4805	    30	0.9574	     0
4.4893	    22	0.9591	     0
4.4980	    23	0.9607	     0
4.5068	    29	0.9624	     0
4.5156	    27	0.9641	     0
4.5244	    26	0.9657	     0
4.5332	    25	0.9674	     0
4.5420	    26	0.9690	     0
4.5508	    21	0.9707	     0
4.5596	    32	0.9724	     0
4.5684	    28	0.9740	     0
4.5771	    21	0.9757	     0
4.5859	    33	0.9773	     0
4.5947	    16	0.9790	     0
4.6035	    29	0.9807	     0
4.6123	    17	0.9823	     0
4.6211	    32	0.9840	     0
4.6299	    24	0.9856	     0
4.6387	    27	0.9873	     0
4.6475	    33	0.9890	     0
4.6563	    28	0.9906	     0
4.6650	    22	0.9923	     0
4.6738	    23	0.9939	     0
4.6826	    20	0.9956	     0
4.6914	    30	0.9973	     0
4.7002	    23	0.9989	     0
4.7090	    38	1.0006	     0
4.7178	    26	1.0022	     0
4.7266	    24	1.0039	     0
4.7354	    29	1.0056	     0
4.7441	    33	1.0072	     0
4.7529	    23	1.0089	     0
4.7617	    11	1.0105	     0
4.7705	    22	1.0122	     0
4.7793	    35	1.0139	     0
4.7881	    19	1.0155	     0
4.7969	    28	1.0172	     0
4.8057	    30	1.0188	     0
4.8145	    31	1.0205	     0
4.8232	    32	1.0222	     0
4.8320	    29	1.0238	     0
4.8408	    20	1.0255	     0
4.8496	    29	1.0271	     0
4.8584	    20	1.0288	     0
4.8672	    27	1.0305	     0
4.8760	    37	1.0321	     0
4.8848	    27	1.0338	     0
4.8936	    26	1.0354	     0
4.9023	    22	1.0371	     0
4.9111	    33	1.0388	     0
4.9199	    27	1.0404	     0
4.9287	    30	1.0421	     0
4.9375	    26	1.0438	     0
4.9463	    30	1.0454	     0
4.9551	    34	1.0471	     0
4.9639	    18	1.0487	     0
4.9727	    20	1.0504	     0
4.9814	    20	1.0521	     0
4.9902	    17	1.0537	     0
4.9990	    34	1.0554	     0
5.0078	    24	1.0570	     0
5.0166	    22	1.0587	     0
5.0254	    28	1.0604	     0
5.0342	    26	1.0620	     0
5.0430	    22	1.0637	     0
5.0518	    20	1.0653	     0
5.0605	    24	1.0670	     0
5.0693	    29	1.0687	     0
5.0781	    25	1.0703	     0
5.0869	    16	1.0720	     0
5.0957	    16	1.0736	     0
5.1045	    27	1.0753	     0
5.1133	    24	1.0770	     0
5.1221	    25	1.0786	     0
5.1309	    33	1.0803	     0
5.1396	    25	1.0819	     0
5.1484	    19	1.0836	     0
5.1572	    26	1.0853	     0
5.1660	    25	1.0869	     0
5.1748	    33	1.0886	     0
5.1836	    24	1.0902	     0
5.1924	    22	1.0919	     0
5.2012	    23	1.0936	     0
5.2100	    25	1.0952	     0
5.2188	    18	1.0969	     0
5.2275	    22	1.0985	     0
5.2363	    26	1.1002	     0
5.2451	    26	1.1019	     0
5.2539	    35	1.1035	     0
5.2627	    36	1.1052	     0
5.2715	    23	1.1068	     0
5.2803	    21	1.1085	     0
5.2891	    26	1.1102	     0
5.2979	    19	1.1118	     0
5.3066	    29	1.1135	     0
5.3154	    27	1.1151	     0
5.3242	    21	1.1168	     0
5.3330	    29	1.1185	     0
5.3418	    18	1.1201	     0
5.3506	    17	1.1218	     0
5.3594	    23	1.1234	     0
5.3682	    24	1.1251	     0
5.3770	    21	1.1268	     0
5.3857	    28	1.1284	     0
5.3945	    25	1.1301	     0
5.4033	    23	1.1317	     0
5.4121	    31	1.1334	     0
5.4209	    20	1.1351	     0
5.4297	    28	1.1367	     0
5.4385	    25	1.1384	     0
5.4473	    21	1.1400	     0
5.4561	    24	1.1417	     0
5.4648	    25	1.1434	     0
5.4736	    17	1.1450	     0
5.4824	    19	1.1467	     0
5.4912	    23	1.1483	     0
5.5000	    24	1.1500	     0
5.5088	    28	1.1517	     0
5.5176	    21	1.1533	     0
5.5264	    34	1.1550	     0
5.5352	    22	1.1566	     0
5.5439	    18	1.1583	     0
5.5527	    36	1.1600	     0
5.5615	    22	1.1616	     0
5.5703	    29	1.1633	     0
5.5791	    16	1.1649	     0
5.5879	    28	1.1666	     0
5.5967	    23	1.1683	     0
5.6055	    22	1.1699	     0
5.6143	    26	1.1716	     0
5.6230	    37	1.1732	     0
5.6318	    34	1.1749	     0
5.6406	    23	1.1766	     0
5.6494	    31	1.1782	     0
5.6582	    16	1.1799	     0
5.6670	    20	1.1815	     0
5.6758	    29	1.1832	     0
5.6846	    19	1.1849	     0
5.6934	    16	1.1865	     0
5.7021	    28	1.1882	     0
5.7109	    30	1.1898	     0
5.7197	    30	1.1915	     0
5.7285	    21	1.1932	     0
5.7373	    22	1.1948	     0
5.7461	    18	1.1965	     0
5.7549	    24	1.1981	     0
5.7637	    19	1.1998	     0
5.7725	    33	1.2015	     0
5.7813	    28	1.2031	     0
5.7900	    26	1.2048	     0
5.7988	    28	1.2064	     0
5.8076	    28	1.2081	     0
5.8164	    22	1.2098	     0
5.8252	    20	1.2114	     0
5.8340	    18	1.2131	     0
5.8428	    24	1.2147	     0
5.8516	    21	1.2164	     0
5.8604	    20	1.2181	     0
5.8691	    22	1.2197	     0
5.8779	    22	1.2214	     0
5.8867	    21	1.2230	     0
5.8955	    21	1.2247	     0
5.9043	    30	1.2264	     0
5.9131	    21	1.2280	     0
5.9219	    29	1.2297	     0
5.9307	    25	1.2313	     0
5.9395	    35	1.2330	     0
5.9482	    16	1.2347	     0
5.9570	    25	1.2363	     0
5.9658	    22	1.2380	     0
5.9746	    16	1.2396	     0
5.9834	    26	1.2413	     0
5.9922	    15	1.2430	     0
6.0010	    21	1.2446	     0
6.0098	    21	1.2463	     0
6.0186	    26	1.2479	     0
6.0273	    26	1.2496	     0
6.0361	    18	1.2513	     0
6.0449	    26	1.2529	     0
6.0537	    25	1.2546	     0
6.0625	    20	1.2562	     0
6.0713	    21	1.2579	     0
6.0801	    31	1.2596	     0
6.0889	    23	1.2612	     0
6.0977	    21	1.2629	     0
6.1064	    41	1.2646	     0
6.1152	    22	1.2662	     0
6.1240	    30	1.2679	     0
6.1328	    28	1.2695	     0
6.1416	    19	1.2712	     0
6.1504	    22	1.2729	     0
6.1592	    16	1.2745	     0
6.1680	    20	1.2762	     0
6.1768	    18	1.2778	     0
6.1855	    22	1.2795	     0
6.1943	    25	1.2812	     0
6.2031	    17	1.2828	     0
6.2119	    19	1.2845	     0
6.2207	    23	1.2861	     0
6.2295	    23	1.2878	     0
6.2383	    16	1.2895	     0
6.2471	    25	1.2911	     0
6.2559	    17	1.2928	     0
6.2646	    14	1.2944	     0
6.2734	    22	1.2961	     0
6.2822	    18	1.2978	     0
6.2910	    14	1.2994	     0
6.2998	    33	1.3011	     0
6.3086	    12	1.3027	     0
6.3174	    17	1.3044	     0
6.3262	    19	1.3061	     0
6.3350	    20	1.3077	     0
6.3438	    23	1.3094	     0
6.3525	    17	1.3110	     0
6.3613	    15	1.3127	     0
6.3701	    14	1.3144	     0
6.3789	    22	1.3160	     0
6.3877	    13	1.3177	     0
6.3965	    17	1.3193	     0
6.4053	    14	1.3210	     0
6.4141	    21	1.3227	     0
6.4229	    21	1.3243	     0
6.4316	     8	1.3260	     0
6.4404	    19	1.3276	     0
6.4492	    20	1.3293	     0
6.4580	    14	1.3310	     0
6.4668	    15	1.3326	     0
6.4756	    20	1.3343	     0
6.4844	    20	1.3359	     0
6.4932	    20	1.3376	     0
6.5020	     9	1.3393	     0
6.5107	    14	1.3409	     0
6.5195	    12	1.3426	     0
6.5283	    10	1.3442	     0
6.5371	    14	1.3459	     0
6.5459	    12	1.3476	     0
6.5547	     6	1.3492	     0
6.5635	    10	1.3509	     0
6.5723	    13	1.3525	     0
6.5811	    11	1.3542	     0
6.5898	    11	1.3559	     0
6.5986	    10	1.3575	     0
6.6074	     9	1.3592	     0
6.6162	    19	1.3608	     0
6.6250	     9	1.3625	     0
6.6338	    18	1.3642	     0
6.6426	     8	1.3658	     0
6.6514	     6	1.3675	     0
6.6602	    13	1.3691	     0
6.6689	    15	1.3708	     0
6.6777	    12	1.3725	     0
6.6865	     9	1.3741	     0
6.6953	    10	1.3758	     0
6.7041	    14	1.3774	     0
6.7129	    12	1.3791	     0
6.7217	     5	1.3808	     0
6.7305	     7	1.3824	     0
6.7393	    12	1.3841	     0
6.7480	    10	1.3857	     0
6.7568	    12	1.3874	     0
6.7656	     7	1.3891	     0
6.7744	    10	1.3907	     0
6.7832	     7	1.3924	     0
6.7920	     8	1.3940	     0
6.8008	     9	1.3957	     0
6.8096	    12	1.3974	     0
6.8184	     9	1.3990	     0
6.8271	     8	1.4007	     0
6.8359	     8	1.4023	     0
6.8447	     6	1.4040	     0
6.8535	     2	1.4057	     0
6.8623	    10	1.4073	     0
6.8711	     6	1.4090	     0
6.8799	     8	1.4106	     0
6.8887	     2	1.4123	     0
6.8975	     2	1.4140	     0
6.9063	     4	1.4156	     0
6.9150	     4	1.4173	     0
6.9238	     5	1.4189	     0
6.9326	     5	1.4206	     0
6.9414	     6	1.4223	     0
6.9502	     6	1.4239	     0
6.9590	     7	1.4256	     0
6.9678	     5	1.4272	     0
6.9766	     7	1.4289	     0
6.9854	     3	1.4306	     0
6.9941	     5	1.4322	     0
7.0029	     6	1.4339	     0
7.0117	     5	1.4355	     0
7.0205	     9	1.4372	     0
7.0293	     2	1.4389	     0
7.0381	     7	1.4405	     0
7.0469	     8	1.4422	     0
7.0557	     4	1.4438	     0
7.0645	     6	1.4455	     0
7.0732	     8	1.4472	     0
7.0820	     2	1.4488	     0
7.0908	     4	1.4505	     0
7.0996	     5	1.4521	     0
7.1084	     7	1.4538	     0
7.1172	     3	1.4555	     0
7.1260	     6	1.4571	     0
7.1348	     7	1.4588	     0
7.1436	     4	1.4604	     0
7.1523	    11	1.4621	     0
7.1611	     1	1.4638	     0
7.1699	     6	1.4654	     0
7.1787	     5	1.4671	     0
7.1875	     6	1.4688	     0
7.1963	     5	1.4704	     0
7.2051	     5	1.4721	     0
7.2139	     4	1.4737	     0
7.2227	     5	1.4754	     0
7.2314	     3	1.4771	     0
7.2402	     7	1.4787	     0
7.2490	     5	1.4804	     0
7.2578	     2	1.4820	     0
7.2666	     2	1.4837	     0
7.2754	     2	1.4854	     0
7.2842	     5	1.4870	     0
7.2930	     5	1.4887	     0
7.3018	     1	1.4903	     0
7.3105	     3	1.4920	     0
7.3193	     2	1.4937	     0
7.3281	     4	1.4953	     0
7.3369	     1	1.4970	     0
7.3457	     6	1.4986	     0
7.3545	     1	1.5003	     0
7.3633	     1	1.5020	     0
7.3721	     5	1.5036	     0
7.3809	     5	1.5053	     0
7.3896	     3	1.5069	     0
7.3984	     3	1.5086	     0
7.4072	     3	1.5103	     0
7.4160	     2	1.5119	     0
7.4248	     0	1.5136	     0
7.4336	     4	1.5152	     0
7.4424	     5	1.5169	     0
7.4512	     2	1.5186	     0
7.4600	     3	1.5202	     0
7.4688	     1	1.5219	     0
7.4775	     6	1.5235	     0
7.4863	     6	1.5252	     0
7.4951	     3	1.5269	     0
7.5039	     4	1.5285	     0
7.5127	     3	1.5302	     0
7.5215	     1	1.5318	     0
7.5303	     3	1.5335	     0
7.5391	     4	1.5352	     0
7.5479	     1	1.5368	     0
7.5566	     3	1.5385	     0
7.5654	     4	1.5401	     0
7.5742	     4	1.5418	     0
7.5830	     1	1.5435	     0
7.5918	     0	1.5451	     0
7.6006	     1	1.5468	     0
7.6094	     2	1.5484	     0
7.6182	     2	1.5501	     0
7.6270	     0	1.5518	     0
7.6357	     2	1.5534	     0
7.6445	     0	1.5551	     0
7.6533	     0	1.5567	     0
7.6621	     2	1.5584	     0
7.6709	     1	1.5601	     0
7.6797	     0	1.5617	     0
7.6885	     1	1.5634	     0
7.6973	     2	1.5650	     0
7.7061	     1	1.5667	     0
7.7148	     0	1.5684	     0
7.7236	     0	1.5700	     0
7.7324	     1	1.5717	     0
7.7412	     1	1.5733	     0
7.7500	     0	1.5750	     0
7.7588	     2	1.5767	     0
7.7676	     0	1.5783	     0
7.7764	     0	1.5800	     0
7.7852	     0	1.5816	     0
7.7939	     0	1.5833	     0
7.8027	     1	1.5850	     0
7.8115	     0	1.5866	     0
7.8203	     0	1.5883	     0
7.8291	     0	1.5899	     0
7.8379	     1	1.5916	     0
7.8467	     0	1.5933	     0
7.8555	     0	1.5949	     0
7.8643	     0	1.5966	     0
7.8730	     0	1.5982	     0
7.8818	     1	1.5999	     0
7.8906	     0	1.6016	     0
7.8994	     0	1.6032	     0
7.9082	     0	1.6049	     0
7.9170	     0	1.6065	     0
7.9258	     0	1.6082	     0
7.9346	     0	1.6099	     0
7.9434	     0	1.6115	     0
7.9521	     0	1.6132	     0
7.9609	     0	1.6148	     0
7.9697	     0	1.6165	     0
7.9785	     0	1.6182	     0
7.9873	     0	1.6198	     0
7.9961	     0	1.6215	     0
8.0049	     0	1.6231	     0
8.0137	     0	1.6248	     0
8.0225	     0	1.6265	     0
8.0313	     0	1.6281	     0
8.0400	     0	1.6298	     0
8.0488	     0	1.6314	     0
8.0576	     0	1.6331	     0
8.0664	     0	1.6348	     0
8.0752	     0	1.6364	     0
8.0840	     0	1.6381	     0
8.0928	     0	1.6397	     0
8.1016	     0	1.6414	     0
8.1104	     0	1.6431	     0
8.1191	     0	1.6447	     0
8.1279	     0	1.6464	     0
8.1367	     0	1.6480	     0
8.1455	     0	1.6497	     0
8.1543	     0	1.6514	     0
8.1631	     0	1.6530	     0
8.1719	     0	1.6547	     0
8.1807	     0	1.6563	     0
8.1895	     0	1.6580	     0
8.1982	     0	1.6597	     0
8.2070	     0	1.6613	     0
8.2158	     0	1.6630	     0
8.2246	     0	1.6646	     0
8.2334	     0	1.6663	     0
8.2422	     0	1.6680	     0
8.2510	     0	1.6696	     0
8.2598	     0	1.6713	     0
8.2686	     0	1.6729	     0
8.2773	     0	1.6746	     0
8.2861	     0	1.6763	     0
8.2949	     0	1.6779	     0
8.3037	     0	1.6796	     0
8.3125	     0	1.6812	     0
8.3213	     0	1.6829	     0
8.3301	     0	1.6846	     0
8.3389	     0	1.6862	     0
8.3477	     0	1.6879	     0
8.3564	     0	1.6896	     0
8.3652	     0	1.6912	     0
8.3740	     0	1.6929	     0
8.3828	     0	1.6945	     0
8.3916	     0	1.6962	     0
8.4004	     0	1.6979	     0
8.4092	     0	1.6995	     0
8.4180	     0	1.7012	     0
8.4268	     0	1.7028	     0
8.4355	     0	1.7045	     0
8.4443	     0	1.7062	     0
8.4531	     0	1.7078	     0
8.4619	     0	1.7095	     0
8.4707	     0	1.7111	     0
8.4795	     0	1.7128	     0
8.4883	     0	1.7145	     0
8.4971	     0	1.7161	     0
8.5059	     0	1.7178	     0
8.5146	     0	1.7194	     0
8.5234	     0	1.7211	     0
8.5322	     0	1.7228	     0
8.5410	     0	1.7244	     0
8.5498	     0	1.7261	     0
8.5586	     0	1.7277	     0
8.5674	     0	1.7294	     0
8.5762	     0	1.7311	     0
8.5850	     0	1.7327	     0
8.5938	     0	1.7344	     0
8.6025	     0	1.7360	     0
8.6113	     0	1.7377	     0
8.6201	     0	1.7394	     0
8.6289	     0	1.7410	     0
8.6377	     0	1.7427	     0
8.6465	     0	1.7443	     0
8.6553	     0	1.7460	     0
8.6641	     0	1.7477	     0
8.6729	     0	1.7493	     0
8.6816	     0	1.7510	     0
8.6904	     0	1.7526	     0
8.6992	     0	1.7543	     0
8.7080	     0	1.7560	     0
8.7168	     0	1.7576	     0
8.7256	     0	1.7593	     0
8.7344	     0	1.7609	     0
8.7432	     0	1.7626	     0
8.7520	     0	1.7643	     0
8.7607	     0	1.7659	     0
8.7695	     0	1.7676	     0
8.7783	     0	1.7692	     0
8.7871	     0	1.7709	     0
8.7959	     0	1.7726	     0
8.8047	     0	1.7742	     0
8.8135	     0	1.7759	     0
8.8223	     0	1.7775	     0
8.8311	     0	1.7792	     0
8.8398	     0	1.7809	     0
8.8486	     0	1.7825	     0
8.8574	     0	1.7842	     0
8.8662	     0	1.7858	     0
8.8750	     0	1.7875	     0
8.8838	     0	1.7892	     0
8.8926	     0	1.7908	     0
8.9014	     0	1.7925	     0
8.9102	     0	1.7941	     0
8.9189	     0	1.7958	     0
8.9277	     0	1.7975	     0
8.9365	     0	1.7991	     0
8.9453	     0	1.8008	     0
8.9541	     0	1.8024	     0
8.9629	     0	1.8041	     0
8.9717	     0	1.8058	     0
8.9805	     0	1.8074	     0
8.9893	     0	1.8091	     0
8.9980	     0	1.8107	     0
9.0068	     0	1.8124	     0
9.0156	     0	1.8141	     0
9.0244	     0	1.8157	     0
9.0332	     0	1.8174	     0
9.0420	     0	1.8190	     0
9.0508	     0	1.8207	     0
9.0596	     0	1.8224	     0
9.0684	     0	1.8240	     0
9.0771	     0	1.8257	     0
9.0859	     0	1.8273	     0
9.0947	     0	1.8290	     0
9.1035	     0	1.8307	     0
9.1123	     0	1.8323	     0
9.1211	     0	1.8340	     0
9.1299	     0	1.8356	     0
9.1387	     0	1.8373	     0
9.1475	     0	1.8390	     0
9.1563	     0	1.8406	     0
9.1650	     0	1.8423	     0
9.1738	     0	1.8439	     0
9.1826	     0	1.8456	     0
9.1914	     0	1.8473	     0
9.2002	     0	1.8489	     0
9.2090	     0	1.8506	     0
9.2178	     0	1.8522	     0
9.2266	     0	1.8539	     0
9.2354	     0	1.8556	     0
9.2441	     0	1.8572	     0
9.2529	     0	1.8589	     0
9.2617	     0	1.8605	     0
9.2705	     0	1.8622	     0
9.2793	     0	1.8639	     0
9.2881	     0	1.8655	     0
9.2969	     0	1.8672	     0
9.3057	     0	1.8688	     0
9.3145	     0	1.8705	     0
9.3232	     0	1.8722	     0
9.3320	     0	1.8738	     0
9.3408	     0	1.8755	     0
9.3496	     0	1.8771	     0
9.3584	     0	1.8788	     0
9.3672	     0	1.8805	     0
9.3760	     0	1.8821	     0
9.3848	     0	1.8838	     0
9.3936	     0	1.8854	     0
9.4023	     0	1.8871	     0
9.4111	     0	1.8888	     0
9.4199	     0	1.8904	     0
9.4287	     0	1.8921	     0
9.4375	     0	1.8938	     0
9.4463	     0	1.8954	     0
9.4551	     0	1.8971	     0
9.4639	     0	1.8987	     0
9.4727	     0	1.9004	     0
9.4814	     0	1.9021	     0
9.4902	     0	1.9037	     0
9.4990	     0	1.9054	     0
9.5078	     0	1.9070	     0
9.5166	     0	1.9087	     0
9.5254	     0	1.9104	     0
9.5342	     0	1.9120	     0
9.5430	     0	1.9137	     0
9.5518	     0	1.9153	     0
9.5605	     0	1.9170	     0
9.5693	     0	1.9187	     0
9.5781	     0	1.9203	     0
9.5869	     0	1.9220	     0
9.5957	     0	1.9236	     0
9.6045	     0	1.9253	     0
9.6133	     0	1.9270	     0
9.6221	     0	1.9286	     0
9.6309	     0	1.9303	     0
9.6396	     0	1.9319	     0
9.6484	     0	1.9336	     0
9.6572	     0	1.9353	     0
9.6660	     0	1.9369	     0
9.6748	     0	1.9386	     0
9.6836	     0	1.9402	     0
9.6924	     0	1.9419	     0
9.7012	     0	1.9436	     0
9.7100	     0	1.9452	     0
9.7188	     0	1.9469	     0
9.7275	     0	1.9485	     0
9.7363	     0	1.9502	     0
9.7451	     0	1.9519	     0
9.7539	     0	1.9535	     0
9.7627	     0	1.9552	     0
9.7715	     0	1.9568	     0
9.7803	     0	1.9585	     0
9.7891	     0	1.9602	     0
9.7979	     0	1.9618	     0
9.8066	     0	1.9635	     0
9.8154	     0	1.9651	     0
9.8242	     0	1.9668	     0
9.8330	     0	1.9685	     0
9.8418	     0	1.9701	     0
9.8506	     0	1.9718	     0
9.8594	     0	1.9734	     0
9.8682	     0	1.9751	     0
9.8770	     0	1.9768	     0
9.8857	     0	1.9784	     0
9.8945	     0	1.9801	     0
9.9033	     0	1.9817	     0
9.9121	     0	1.9834	     0
9.9209	     0	1.9851	     0
9.9297	     0	1.9867	     0
9.9385	     0	1.9884	     0
9.9473	     0	1.9900	     0
9.9561	     0	1.9917	     0
9.9648	     0	1.9934	     0
9.9736	     0	1.9950	     0
9.9824	     0	1.9967	     0
9.9912	     0	1.9983	     0
