0.2000	  5402	0.3000	     0
0.2096	  4990	0.3017	     0
0.2191	  3942	0.3033	     0
0.2287	  3267	0.3050	     0
0.2383	  2778	0.3066	     0
0.2479	  2612	0.3083	     0
0.2574	  2352	0.3100	     0
0.2670	  2348	0.3116	     0
0.2766	  2333	0.3133	     0
0.2861	  2299	0.3149	     0
0.2957	  2426	0.3166	     0
0.3053	  2529	0.3183	     0
0.3148	  2443	0.3199	     0
0.3244	  2380	0.3216	     0
0.3340	  2416	0.3232	     0
0.3436	  2405	0.3249	     0
0.3531	  2520	0.3266	     0
0.3627	  2468	0.3282	     0
0.3723	  2527	0.3299	     0
0.3818	  2634	0.3315	     3
0.3914	  2624	0.3332	     0
0.4010	  2697	0.3349	     2
0.4105	  2734	0.3365	     0
0.4201	  2725	0.3382	     0
0.4297	  2781	0.3398	     0
0.4393	  2904	0.3415	     1
0.4488	  2942	0.3432	     2
0.4584	  3050	0.3448	     1
0.4680	  3050	0.3465	     0
0.4775	  3201	0.3481	     0
0.4871	  3363	0.3498	     3
0.4967	  3789	0.3515	     0
0.5063	  3939	0.3531	     0
0.5158	  4196	0.3548	     1
0.5254	  4306	0.3564	     0
0.5350	  4093	0.3581	     0
0.5445	  4033	0.3598	     0
0.5541	  3834	0.3614	     0
0.5637	  3688	0.3631	     0
0.5732	  3663	0.3647	     0
0.5828	  3581	0.3664	     1
0.5924	  3688	0.3681	     0
0.6020	  3454	0.3697	     2
0.6115	  3603	0.3714	     0
0.6211	  3316	0.3730	     0
0.6307	  3453	0.3747	     1
0.6402	  3280	0.3764	     1
0.6498	  3174	0.3780	     1
0.6594	  3208	0.3797	     1
0.6689	  3121	0.3813	     0
0.6785	  3244	0.3830	     1
0.6881	  3137	0.3847	     2
0.6977	  3154	0.3863	     2
0.7072	  3100	0.3880	     1
0.7168	  3124	0.3896	     2
0.7264	  3138	0.3913	     0
0.7359	  3147	0.3930	     0
0.7455	  3061	0.3946	     1
0.7551	  3195	0.3963	     2
0.7646	  3187	0.3979	     1
0.7742	  3180	0.3996	     0
0.7838	  3251	0.4013	     2
0.7934	  3105	0.4029	     0
0.8029	  3165	0.4046	     0
0.8125	  3193	0.4063	     1
0.8221	  3265	0.4079	     0
0.8316	  3293	0.4096	     0
0.8412	  3174	0.4112	     2
0.8508	  3228	0.4129	     0
0.8604	  3228	0.4146	     1
0.8699	  3207	0.4162	     0
0.8795	  3194	0.4179	     0
0.8891	  3267	0.4195	     1
0.8986	  3320	0.4212	     0
0.9082	  3341	0.4229	     0
0.9178	  3268	0.4245	     0
0.9273	  3358	0.4262	     0
0.9369	  3301	0.4278	     1
0.9465	  3291	0.4295	     0
0.9561	  3227	0.4312	     0
0.9656	  3170	0.4328	     1
0.9752	  3313	0.4345	     0
0.9848	  3322	0.4361	     2
0.9943	  3363	0.4378	     0
1.0039	  3244	0.4395	     1
1.0135	  3217	0.4411	     0
1.0230	  3339	0.4428	     0
1.0326	  3230	0.4444	     1
1.0422	  3273	0.4461	     1
1.0518	  3399	0.4478	     0
1.0613	  3318	0.4494	     0
1.0709	  3325	0.4511	     0
1.0805	  3324	0.4527	     0
1.0900	  3388	0.4544	     0
1.0996	  3441	0.4561	     0
1.1092	  3340	0.4577	     0
1.1188	  3303	0.4594	     0
1.1283	  3407	0.4610	     1
1.1379	  3363	0.4627	     0
1.1475	  3427	0.4644	     0
1.1570	  3360	0.4660	     0
1.1666	  3369	0.4677	     1
1.1762	  3431	0.4693	     3
1.1857	  3377	0.4710	     1
1.1953	  3467	0.4727	     0
1.2049	  3341	0.4743	     0
1.2145	  3391	0.4760	     1
1.2240	  3461	0.4776	     0
1.2336	  3545	0.4793	     0
1.2432	  3497	0.4810	     2
1.2527	  3562	0.4826	     2
1.2623	  3561	0.4843	     2
1.2719	  3544	0.4859	     1
1.2814	  3556	0.4876	     0
1.2910	  3552	0.4893	     0
1.3006	  3549	0.4909	     0
1.3102	  3639	0.4926	     0
1.3197	  3771	0.4942	     1
1.3293	  3868	0.4959	     0
1.3389	  3752	0.4976	     1
1.3484	  3797	0.4992	     0
1.3580	  3852	0.5009	     1
1.3676	  3951	0.5025	     1
1.3771	  3989	0.5042	     0
1.3867	  3991	0.5059	     0
1.3963	  4083	0.5075	     1
1.4059	  4303	0.5092	     1
1.4154	  4103	0.5108	     0
1.4250	  4207	0.5125	     0
1.4346	  4196	0.5142	     0
1.4441	  4119	0.5158	     0
1.4537	  4076	0.5175	     0
1.4633	  4050	0.5191	     0
1.4729	  4105	0.5208	     0
1.4824	  4128	0.5225	     0
1.4920	  4089	0.5241	     2
1.5016	  3995	0.5258	     2
1.5111	  3814	0.5274	     1
1.5207	  3710	0.5291	     3
1.5303	  3715	0.5308	     0
1.5398	  3673	0.5324	     1
1.5494	  3602	0.5341	     1
1.5590	  3492	0.5357	     0
1.5686	  3475	0.5374	     2
1.5781	  3405	0.5391	     2
1.5877	  3425	0.5407	     1
1.5973	  3359	0.5424	     1
1.6068	  3243	0.5440	     0
1.6164	  3257	0.5457	     0
1.6260	  3225	0.5474	     0
1.6355	  3196	0.5490	     2
1.6451	  3143	0.5507	     3
1.6547	  3134	0.5523	     0
1.6643	  3201	0.5540	     0
1.6738	  3030	0.5557	     1
1.6834	  2983	0.5573	     1
1.6930	  3104	0.5590	     0
1.7025	  2964	0.5606	     0
1.7121	  3021	0.5623	     0
1.7217	  2974	0.5640	     0
1.7313	  2960	0.5656	     1
1.7408	  2876	0.5673	     1
1.7504	  2914	0.5689	     0
1.7600	  2920	0.5706	     0
1.7695	  2853	0.5723	     2
1.7791	  2871	0.5739	     0
1.7887	  2824	0.5756	     1
1.7982	  2800	0.5772	     0
1.8078	  2730	0.5789	     0
1.8174	  2748	0.5806	     0
1.8270	  2734	0.5822	     0
1.8365	  2656	0.5839	     1
1.8461	  2793	0.5855	     0
1.8557	  2786	0.5872	     0
1.8652	  2740	0.5889	     0
1.8748	  2673	0.5905	     0
1.8844	  2664	0.5922	     0
1.8939	  2658	0.5938	     1
1.9035	  2671	0.5955	     1
1.9131	  2725	0.5972	     0
1.9227	  2673	0.5988	     0
1.9322	  2674	0.6005	     1
1.9418	  2638	0.6021	     0
1.9514	  2605	0.6038	     0
1.9609	  2659	0.6055	     0
1.9705	  2612	0.6071	     1
1.9801	  2605	0.6088	     0
1.9896	  2587	0.6104	     2
1.9992	  2583	0.6121	     0
2.0088	  2546	0.6138	     0
2.0184	  2529	0.6154	     0
2.0279	  2624	0.6171	     1
2.0375	  2530	0.6187	     1
2.0471	  2554	0.6204	     1
2.0566	  2577	0.6221	     0
2.0662	  2592	0.6237	     1
2.0758	  2538	0.6254	     0
2.0854	  2517	0.6271	     0
2.0949	  2431	0.6287	     0
2.1045	  2577	0.6304	     2
2.1141	  2487	0.6320	     1
2.1236	  2364	0.6337	     2
2.1332	  2499	0.6354	     0
2.1428	  2432	0.6370	     1
2.1523	  2496	0.6387	     1
2.1619	  2415	0.6403	     0
2.1715	  2400	0.6420	     0
2.1811	  2439	0.6437	     2
2.1906	  2424	0.6453	     1
2.2002	  2480	0.6470	     0
2.2098	  2371	0.6486	     0
2.2193	  2349	0.6503	     3
2.2289	  2374	0.6520	     1
2.2385	  2377	0.6536	     0
2.2480	  2354	0.6553	     0
2.2576	  2368	0.6569	     0
2.2672	  2488	0.6586	     0
2.2768	  2350	0.6603	     0
2.2863	  2308	0.6619	     1
2.2959	  2349	0.6636	     0
2.3055	  2359	0.6652	     0
2.3150	  2265	0.6669	     1
2.3246	  2352	0.6686	     0
2.3342	  2395	0.6702	     2
2.3438	  2321	0.6719	     0
2.3533	  2385	0.6735	     0
2.3629	  2326	0.6752	     1
2.3725	  2316	0.6769	     0
2.3820	  2315	0.6785	     1
2.3916	  2373	0.6802	     1
2.4012	  2287	0.6818	     4
2.4107	  2192	0.6835	     0
2.4203	  2371	0.6852	     1
2.4299	  2207	0.6868	     1
2.4395	  2279	0.6885	     0
2.4490	  2394	0.6901	     1
2.4586	  2317	0.6918	     0
2.4682	  2262	0.6935	     3
2.4777	  2321	0.6951	     0
2.4873	  2268	0.6968	     0
2.4969	  2271	0.6984	     0
2.5064	  2205	0.7001	     0
2.5160	  2301	0.7018	     0
2.5256	  2349	0.7034	     0
2.5352	  2338	0.7051	     1
2.5447	  2208	0.7067	     0
2.5543	  2270	0.7084	     0
2.5639	  2258	0.7101	     0
2.5734	  2292	0.7117	     0
2.5830	  2327	0.7134	     0
2.5926	  2320	0.7150	     0
2.6021	  2270	0.7167	     0
2.6117	  2348	0.7184	     2
2.6213	  2234	0.7200	     0
2.6309	  2230	0.7217	     0
2.6404	  2286	0.7233	     1
2.6500	  2269	0.7250	     0
2.6596	  2313	0.7267	     0
2.6691	  2283	0.7283	     1
2.6787	  2247	0.7300	     0
2.6883	  2321	0.7316	     0
2.6979	  2179	0.7333	     1
2.7074	  2315	0.7350	     1
2.7170	  2349	0.7366	     0
2.7266	  2261	0.7383	     0
2.7361	  2375	0.7399	     1
2.7457	  2241	0.7416	     2
2.7553	  2167	0.7433	     0
2.7648	  2281	0.7449	     1
2.7744	  2236	0.7466	     1
2.7840	  2299	0.7482	     0
2.7936	  2319	0.7499	     1
2.8031	  2265	0.7516	     1
2.8127	  2268	0.7532	     0
2.8223	  2313	0.7549	     0
2.8318	  2299	0.7565	     0
2.8414	  2351	0.7582	     2
2.8510	  2392	0.7599	     0
2.8605	  2339	0.7615	     0
2.8701	  2316	0.7632	     0
2.8797	  2363	0.7648	     0
2.8893	  2291	0.7665	     1
2.8988	  2315	0.7682	     0
2.9084	  2308	0.7698	     0
2.9180	  2311	0.7715	     2
2.9275	  2280	0.7731	     1
2.9371	  2261	0.7748	     0
2.9467	  2440	0.7765	     0
2.9563	  2328	0.7781	     1
2.9658	  2330	0.7798	     0
2.9754	  2310	0.7814	     1
2.9850	  2279	0.7831	     0
2.9945	  2251	0.7848	     1
3.0041	  2332	0.7864	     0
3.0137	  2368	0.7881	     1
3.0232	  2401	0.7897	     1
3.0328	  2297	0.7914	     0
3.0424	  2321	0.7931	     2
3.0520	  2326	0.7947	     0
3.0615	  2236	0.7964	     0
3.0711	  2365	0.7980	     0
3.0807	  2354	0.7997	     0
3.0902	  2293	0.8014	     0
3.0998	  2287	0.8030	     1
3.1094	  2348	0.8047	     0
3.1189	  2301	0.8063	     0
3.1285	  2293	0.8080	     1
3.1381	  2290	0.8097	     0
3.1477	  2397	0.8113	     1
3.1572	  2419	0.8130	     0
3.1668	  2435	0.8146	     0
3.1764	  2339	0.8163	     0
3.1859	  2361	0.8180	     0
3.1955	  2367	0.8196	     1
3.2051	  2311	0.8213	     1
3.2146	  2353	0.8229	     0
3.2242	  2371	0.8246	     1
3.2338	  2395	0.8263	     0
3.2434	  2330	0.8279	     0
3.2529	  2431	0.8296	     0
3.2625	  2434	0.8313	     0
3.2721	  2377	0.8329	     0
3.2816	  2373	0.8346	     0
3.2912	  2344	0.8362	     0
3.3008	  2450	0.8379	     1
3.3104	  2416	0.8396	     0
3.3199	  2508	0.8412	     0
3.3295	  2385	0.8429	     1
3.3391	  2463	0.8445	     0
3.3486	  2415	0.8462	     1
3.3582	  2435	0.8479	     1
3.3678	  2471	0.8495	     2
3.3773	  2405	0.8512	     1
3.3869	  2459	0.8528	     0
3.3965	  2545	0.8545	     0
3.4061	  2536	0.8562	     0
3.4156	  2411	0.8578	     0
3.4252	  2522	0.8595	     0
3.4348	  2495	0.8611	     0
3.4443	  2515	0.8628	     2
3.4539	  2452	0.8645	     1
3.4635	  2513	0.8661	     0
3.4730	  2423	0.8678	     1
3.4826	  2531	0.8694	     2
3.4922	  2371	0.8711	     2
3.5018	  2446	0.8728	     1
3.5113	  2404	0.8744	     0
3.5209	  2424	0.8761	     0
3.5305	  2527	0.8777	     1
3.5400	  2402	0.8794	     1
3.5496	  2442	0.8811	     2
3.5592	  2435	0.8827	     1
3.5688	  2495	0.8844	     0
3.5783	  2466	0.8860	     1
3.5879	  2426	0.8877	     1
3.5975	  2515	0.8894	     3
3.6070	  2495	0.8910	     1
3.6166	  2500	0.8927	     0
3.6262	  2432	0.8943	     0
3.6357	  2492	0.8960	     0
3.6453	  2470	0.8977	     1
3.6549	  2419	0.8993	     0
3.6645	  2506	0.9010	     1
3.6740	  2565	0.9026	     0
3.6836	  2486	0.9043	     0
3.6932	  2386	0.9060	     0
3.7027	  2571	0.9076	     0
3.7123	  2512	0.9093	     0
3.7219	  2500	0.9109	     1
3.7314	  2520	0.9126	     1
3.7410	  2602	0.9143	     1
3.7506	  2466	0.9159	     0
3.7602	  2435	0.9176	     1
3.7697	  2430	0.9192	     1
3.7793	  2516	0.9209	     1
3.7889	  2507	0.9226	     0
3.7984	  2585	0.9242	     0
3.8080	  2542	0.9259	     0
3.8176	  2573	0.9275	     0
3.8271	  2566	0.9292	     0
3.8367	  2599	0.9309	     1
3.8463	  2485	0.9325	     0
3.8559	  2481	0.9342	     1
3.8654	  2499	0.9358	     0
3.8750	  2502	0.9375	     0
3.8846	  2597	0.9392	     0
3.8941	  2634	0.9408	     1
3.9037	  2575	0.9425	     0
3.9133	  2501	0.9441	     2
3.9229	  2557	0.9458	     0
3.9324	  2649	0.9475	     1
3.9420	  2612	0.9491	     3
3.9516	  2629	0.9508	     0
3.9611	  2581	0.9524	     0
3.9707	  2602	0.9541	     1
3.9803	  2751	0.9558	     2
3.9898	  2628	0.9574	     0
3.9994	  2555	0.9591	     0
4.0090	  2710	0.9607	     0
4.0186	  2544	0.9624	     0
4.0281	  2660	0.9641	     1
4.0377	  2648	0.9657	     0
4.0473	  2653	0.9674	     0
4.0568	  2669	0.9690	     1
4.0664	  2683	0.9707	     0
4.0760	  2642	0.9724	     1
4.0855	  2794	0.9740	     1
4.0951	  2721	0.9757	     0
4.1047	  2763	0.9773	     0
4.1143	  2839	0.9790	     0
4.1238	  2836	0.9807	     1
4.1334	  2980	0.9823	     2
4.1430	  2972	0.9840	     0
4.1525	  3053	0.9856	     1
4.1621	  3274	0.9873	     1
4.1717	  3285	0.9890	     1
4.1813	  3232	0.9906	     0
4.1908	  3351	0.9923	     2
4.2004	  3367	0.9939	     0
4.2100	  3349	0.9956	     0
4.2195	  3484	0.9973	     0
4.2291	  3617	0.9989	     2
4.2387	  3649	1.0006	     0
4.2482	  3855	1.0022	     4
4.2578	  3837	1.0039	     0
4.2674	  3946	1.0056	     1
4.2770	  4108	1.0072	     1
4.2865	  4186	1.0089	     0
4.2961	  4326	1.0105	     0
4.3057	  4297	1.0122	     3
4.3152	  4361	1.0139	     1
4.3248	  4185	1.0155	     0
4.3344	  3937	1.0172	     0
4.3439	  3780	1.0188	     0
4.3535	  3632	1.0205	     1
4.3631	  3584	1.0222	     0
4.3727	  3556	1.0238	     1
4.3822	  3635	1.0255	     0
4.3918	  3785	1.0271	     1
4.4014	  3532	1.0288	     1
4.4109	  3692	1.0305	     0
4.4205	  3579	1.0321	     0
4.4301	  3648	1.0338	     0
4.4396	  3456	1.0354	     1
4.4492	  3528	1.0371	     0
4.4588	  3590	1.0388	     1
4.4684	  3818	1.0404	     0
4.4779	  3847	1.0421	     0
4.4875	  3932	1.0438	     0
4.4971	  3883	1.0454	     0
4.5066	  4187	1.0471	     0
4.5162	  4285	1.0487	     0
4.5258	  4645	1.0504	     0
4.5354	  4651	1.0521	     0
4.5449	  4656	1.0537	     0
4.5545	  4559	1.0554	     0
4.5641	  4521	1.0570	     0
4.5736	  4274	1.0587	     1
4.5832	  4269	1.0604	     0
4.5928	  4084	1.0620	     0
4.6023	  3933	1.0637	     0
4.6119	  3949	1.0653	     0
4.6215	  3720	1.0670	     1
4.6311	  3259	1.0687	     0
4.6406	  2859	1.0703	     1
4.6502	  2409	1.0720	     0
4.6598	  2162	1.0736	     3
4.6693	  1922	1.0753	     1
4.6789	  1900	1.0770	     0
4.6885	  1916	1.0786	     0
4.6980	  1822	1.0803	     1
4.7076	  1826	1.0819	     0
4.7172	  1847	1.0836	     0
4.7268	  1810	1.0853	     1
4.7363	  1831	1.0869	     0
4.7459	  1769	1.0886	     0
4.7555	  1800	1.0902	     0
4.7650	  1824	1.0919	     0
4.7746	  1798	1.0936	     1
4.7842	  1833	1.0952	     0
4.7938	  1932	1.0969	     0
4.8033	  1916	1.0985	     0
4.8129	  1870	1.1002	     0
4.8225	  1846	1.1019	     0
4.8320	  1863	1.1035	     0
4.8416	  1934	1.1052	     0
4.8512	  1860	1.1068	     0
4.8607	  1898	1.1085	     0
4.8703	  1817	1.1102	     1
4.8799	  1945	1.1118	     0
4.8895	  1988	1.1135	     2
4.8990	  1884	1.1151	     0
4.9086	  1980	1.1168	     0
4.9182	  1952	1.1185	     0
4.9277	  2020	1.1201	     1
4.9373	  2096	1.1218	     0
4.9469	  2117	1.1234	     0
4.9564	  2217	1.1251	     0
4.9660	  2183	1.1268	     0
4.9756	  2114	1.1284	     1
4.9852	  2217	1.1301	     0
4.9947	  2269	1.1317	     1
5.0043	  2238	1.1334	     0
5.0139	  2303	1.1351	     0
5.0234	  2304	1.1367	     3
5.0330	  2265	1.1384	     1
5.0426	  2371	1.1400	     0
5.0521	  2213	1.1417	     0
5.0617	  2457	1.1434	     0
5.0713	  2345	1.1450	     1
5.0809	  2334	1.1467	     0
5.0904	  2470	1.1483	     0
5.1000	  2499	1.1500	     1
5.1096	  2474	1.1517	     0
5.1191	  2531	1.1533	     0
5.1287	  2592	1.1550	     0
5.1383	  2541	1.1566	     0
5.1479	  2674	1.1583	     0
5.1574	  2658	1.1600	     0
5.1670	  2650	1.1616	     0
5.1766	  2818	1.1633	     0
5.1861	  2643	1.1649	     0
5.1957	  2732	1.1666	     1
5.2053	  2821	1.1683	     0
5.2148	  2862	1.1699	     0
5.2244	  3093	1.1716	     1
5.2340	  2986	1.1732	     1
5.2436	  3191	1.1749	     0
5.2531	  3271	1.1766	     0
5.2627	  3262	1.1782	     1
5.2723	  3299	1.1799	     0
5.2818	  3244	1.1815	     1
5.2914	  3324	1.1832	     1
5.3010	  3401	1.1849	     1
5.3105	  3367	1.1865	     0
5.3201	  3459	1.1882	     0
5.3297	  3246	1.1898	     0
5.3393	  3535	1.1915	     0
5.3488	  3564	1.1932	     1
5.3584	  3683	1.1948	     0
5.3680	  3722	1.1965	     0
5.3775	  3831	1.1981	     0
5.3871	  3703	1.1998	     0
5.3967	  3772	1.2015	     1
5.4063	  3865	1.2031	     2
5.4158	  3945	1.2048	     0
5.4254	  3952	1.2064	     0
5.4350	  3985	1.2081	     3
5.4445	  4020	1.2098	     0
5.4541	  4223	1.2114	     0
5.4637	  4164	1.2131	     0
5.4732	  4315	1.2147	     1
5.4828	  4286	1.2164	     0
5.4924	  4333	1.2181	     0
5.5020	  4515	1.2197	     0
5.5115	  4942	1.2214	     0
5.5211	  5068	1.2230	     1
5.5307	  4967	1.2247	     0
5.5402	  5056	1.2264	     0
5.5498	  5188	1.2280	     1
5.5594	  5030	1.2297	     0
5.5689	  5182	1.2313	     0
5.5785	  5112	1.2330	     1
5.5881	  5265	1.2347	     0
5.5977	  5271	1.2363	     0
5.6072	  5412	1.2380	     0
5.6168	  5416	1.2396	     1
5.6264	  5449	1.2413	     0
5.6359	  5566	1.2430	     0
5.6455	  5472	1.2446	     0
5.6551	  5307	1.2463	     0
5.6646	  5492	1.2479	     1
5.6742	  5610	1.2496	     0
5.6838	  5359	1.2513	     0
5.6934	  5493	1.2529	     0
5.7029	  5561	1.2546	     0
5.7125	  5384	1.2562	     0
5.7221	  5646	1.2579	     0
5.7316	  5569	1.2596	     0
5.7412	  5509	1.2612	     0
5.7508	  5522	1.2629	     1
5.7604	  5568	1.2646	     2
5.7699	  5840	1.2662	     0
5.7795	  5976	1.2679	     0
5.7891	  6083	1.2695	     1
5.7986	  6080	1.2712	     2
5.8082	  5817	1.2729	     0
5.8178	  5836	1.2745	     0
5.8273	  5636	1.2762	     0
5.8369	  5717	1.2778	     0
5.8465	  5709	1.2795	     2
5.8561	  5748	1.2812	     2
5.8656	  5821	1.2828	     0
5.8752	  5696	1.2845	     1
5.8848	  5643	1.2861	     0
5.8943	  5660	1.2878	     0
5.9039	  5723	1.2895	     1
5.9135	  5657	1.2911	     0
5.9230	  5764	1.2928	     0
5.9326	  5583	1.2944	     0
5.9422	  5676	1.2961	     1
5.9518	  5673	1.2978	     0
5.9613	  5631	1.2994	     0
5.9709	  5854	1.3011	     0
5.9805	  5845	1.3027	     0
5.9900	  5846	1.3044	     1
5.9996	  5776	1.3061	     1
6.0092	  5768	1.3077	     0
6.0188	  6226	1.3094	     0
6.0283	  6537	1.3110	     2
6.0379	  6502	1.3127	     0
6.0475	  6579	1.3144	     2
6.0570	  6521	1.3160	     0
6.0666	  6307	1.3177	     1
6.0762	  6319	1.3193	     0
6.0857	  6090	1.3210	     1
6.0953	  6040	1.3227	     1
6.1049	  6230	1.3243	     1
6.1145	  6238	1.3260	     0
6.1240	  6268	1.3276	     1
6.1336	  6464	1.3293	     1
6.1432	  6890	1.3310	     0
6.1527	  7436	1.3326	     2
6.1623	  7969	1.3343	     0
6.1719	  8666	1.3359	     0
6.1814	  9749	1.3376	     0
6.1910	 10784	1.3393	     3
6.2006	 11785	1.3409	     0
6.2102	 13524	1.3426	     1
6.2197	 15101	1.3442	     0
6.2293	 16634	1.3459	     1
6.2389	 18281	1.3476	     0
6.2484	 19858	1.3492	     0
6.2580	 21889	1.3509	     0
6.2676	 25501	1.3525	     1
6.2771	 28446	1.3542	     2
6.2867	 29329	1.3559	     0
6.2963	 29005	1.3575	     0
6.3059	 28098	1.3592	     0
6.3154	 27008	1.3608	     1
6.3250	 25048	1.3625	     1
6.3346	 23271	1.3642	     0
6.3441	 21161	1.3658	     0
6.3537	 19197	1.3675	     1
6.3633	 16903	1.3691	     0
6.3729	 14751	1.3708	     0
6.3824	 13214	1.3725	     1
6.3920	 11760	1.3741	     1
6.4016	 10860	1.3758	     1
6.4111	 10604	1.3774	     0
6.4207	 10833	1.3791	     0
6.4303	 11108	1.3808	     0
6.4398	 12087	1.3824	     0
6.4494	 13643	1.3841	     1
6.4590	 14943	1.3857	     0
6.4686	 16839	1.3874	     0
6.4781	 18379	1.3891	     0
6.4877	 20661	1.3907	     0
6.4973	 24049	1.3924	     0
6.5068	 27231	1.3940	     0
6.5164	 28737	1.3957	     0
6.5260	 28767	1.3974	     0
6.5355	 27553	1.3990	     1
6.5451	 25748	1.4007	     0
6.5547	 24159	1.4023	     0
6.5643	 21683	1.4040	     0
6.5738	 19367	1.4057	     0
6.5834	 15999	1.4073	     0
6.5930	 13347	1.4090	     1
6.6025	 10404	1.4106	     0
6.6121	  7977	1.4123	     1
6.6217	  5768	1.4140	     0
6.6313	  3873	1.4156	     1
6.6408	  2623	1.4173	     0
6.6504	  1646	1.4189	     1
6.6600	  1031	1.4206	     0
6.6695	   770	1.4223	     2
6.6791	   526	1.4239	     1
6.6887	   484	1.4256	     0
6.6982	   475	1.4272	     0
6.7078	   465	1.4289	     0
6.7174	   484	1.4306	     1
6.7270	   463	1.4322	     0
6.7365	   449	1.4339	     1
6.7461	   455	1.4355	     0
6.7557	   499	1.4372	     0
6.7652	   457	1.4389	     0
6.7748	   422	1.4405	     1
6.7844	   380	1.4422	     2
6.7939	   377	1.4438	     0
6.8035	   346	1.4455	     0
6.8131	   300	1.4472	     0
6.8227	   300	1.4488	     0
6.8322	   284	1.4505	     3
6.8418	   259	1.4521	     1
6.8514	   264	1.4538	     0
6.8609	   228	1.4555	     0
6.8705	   240	1.4571	     0
6.8801	   220	1.4588	     1
6.8896	   213	1.4604	     1
6.8992	   219	1.4621	     0
6.9088	   224	1.4638	     1
6.9184	   221	1.4654	     0
6.9279	   193	1.4671	     0
6.9375	   186	1.4688	     0
6.9471	   198	1.4704	     0
6.9566	   187	1.4721	     0
6.9662	   175	1.4737	     0
6.9758	   175	1.4754	     0
6.9854	   181	1.4771	     0
6.9949	   172	1.4787	     0
7.0045	   171	1.4804	     0
7.0141	   174	1.4820	     1
7.0236	   156	1.4837	     1
7.0332	   161	1.4854	     0
7.0428	   138	1.4870	     0
7.0523	   147	1.4887	     0
7.0619	   150	1.4903	     1
7.0715	   148	1.4920	     0
7.0811	   151	1.4937	     1
7.0906	   152	1.4953	     0
7.1002	   141	1.4970	     1
7.1098	   150	1.4986	     0
7.1193	   122	1.5003	     0
7.1289	   118	1.5020	     1
7.1385	   125	1.5036	     0
7.1480	   136	1.5053	     0
7.1576	   111	1.5069	     0
7.1672	   128	1.5086	     0
7.1768	   117	1.5103	     0
7.1863	   114	1.5119	     0
7.1959	   109	1.5136	     1
7.2055	   118	1.5152	     0
7.2150	   127	1.5169	     1
7.2246	   109	1.5186	     0
7.2342	   130	1.5202	     0
7.2438	   118	1.5219	     1
7.2533	   103	1.5235	     1
7.2629	   122	1.5252	     0
7.2725	   121	1.5269	     0
7.2820	   112	1.5285	     0
7.2916	   127	1.5302	     0
7.3012	    92	1.5318	     0
7.3107	   105	1.5335	     1
7.3203	    87	1.5352	     0
7.3299	   100	1.5368	     1
7.3395	   127	1.5385	     1
7.3490	   102	1.5401	     0
7.3586	   115	1.5418	     1
7.3682	   113	1.5435	     1
7.3777	   108	1.5451	     2
7.3873	   132	1.5468	     0
7.3969	    80	1.5484	     0
7.4064	    88	1.5501	     0
7.4160	   115	1.5518	     0
7.4256	    90	1.5534	     0
7.4352	    85	1.5551	     0
7.4447	    96	1.5567	     0
7.4543	    82	1.5584	     1
7.4639	    92	1.5601	     0
7.4734	    81	1.5617	     0
7.4830	    81	1.5634	     0
7.4926	    88	1.5650	     0
7.5021	    82	1.5667	     1
7.5117	   100	1.5684	     0
7.5213	    77	1.5700	     0
7.5309	    71	1.5717	     0
7.5404	    79	1.5733	     0
7.5500	    90	1.5750	     0
7.5596	    69	1.5767	     0
7.5691	    79	1.5783	     1
7.5787	    68	1.5800	     1
7.5883	    78	1.5816	     0
7.5979	    74	1.5833	     0
7.6074	    86	1.5850	     0
7.6170	    75	1.5866	     1
7.6266	    74	1.5883	     0
7.6361	    58	1.5899	     0
7.6457	    75	1.5916	     0
7.6553	    60	1.5933	     0
7.6648	    68	1.5949	     0
7.6744	    57	1.5966	     0
7.6840	    70	1.5982	     1
7.6936	    64	1.5999	     0
7.7031	    69	1.6016	     1
7.7127	    69	1.6032	     0
7.7223	    74	1.6049	     1
7.7318	    72	1.6065	     1
7.7414	    57	1.6082	     0
7.7510	    74	1.6099	     0
7.7605	    61	1.6115	     1
7.7701	    56	1.6132	     1
7.7797	    57	1.6148	     2
7.7893	    71	1.6165	     1
7.7988	    61	1.6182	     0
7.8084	    65	1.6198	     0
7.8180	    56	1.6215	     0
7.8275	    69	1.6231	     0
7.8371	    71	1.6248	     0
7.8467	    48	1.6265	     1
7.8563	    49	1.6281	     1
7.8658	    56	1.6298	     0
7.8754	    51	1.6314	     1
7.8850	    44	1.6331	     2
7.8945	    66	1.6348	     1
7.9041	    43	1.6364	     0
7.9137	    54	1.6381	     0
7.9232	    45	1.6397	     1
7.9328	    42	1.6414	     0
7.9424	    42	1.6431	     1
7.9520	    46	1.6447	     0
7.9615	    35	1.6464	     1
7.9711	    35	1.6480	     0
7.9807	    30	1.6497	     0
7.9902	    40	1.6514	     0
7.9998	    35	1.6530	     0
8.0094	    33	1.6547	     0
8.0189	    29	1.6563	     0
8.0285	    33	1.6580	     3
8.0381	    26	1.6597	     0
8.0477	    28	1.6613	     0
8.0572	    24	1.6630	     0
8.0668	    28	1.6646	     1
8.0764	    24	1.6663	     0
8.0859	    19	1.6680	     1
8.0955	    25	1.6696	     1
8.1051	    22	1.6713	     1
8.1146	    15	1.6729	     0
8.1242	    18	1.6746	     0
8.1338	    14	1.6763	     0
8.1434	     9	1.6779	     1
8.1529	    20	1.6796	     0
8.1625	     9	1.6812	     0
8.1721	     9	1.6829	     0
8.1816	     6	1.6846	     0
8.1912	    11	1.6862	     1
8.2008	     5	1.6879	     0
8.2104	    13	1.6896	     0
8.2199	    11	1.6912	     0
8.2295	     4	1.6929	     0
8.2391	     6	1.6945	     0
8.2486	     7	1.6962	     1
8.2582	     3	1.6979	     1
8.2678	     5	1.6995	     2
8.2773	     2	1.7012	     0
8.2869	     2	1.7028	     0
8.2965	     2	1.7045	     0
8.3061	     2	1.7062	     0
8.3156	     0	1.7078	     1
8.3252	     1	1.7095	     0
8.3348	     0	1.7111	     0
8.3443	     1	1.7128	     0
8.3539	     0	1.7145	     0
8.3635	     1	1.7161	     0
8.3730	     0	1.7178	     1
8.3826	     1	1.7194	     0
8.3922	     1	1.7211	     0
8.4018	     1	1.7228	     0
8.4113	     0	1.7244	     1
8.4209	     2	1.7261	     1
8.4305	     3	1.7277	     0
8.4400	     1	1.7294	     1
8.4496	     0	1.7311	     0
8.4592	     1	1.7327	     2
8.4688	     0	1.7344	     0
8.4783	     0	1.7360	     0
8.4879	     1	1.7377	     0
8.4975	     2	1.7394	     0
8.5070	     2	1.7410	     0
8.5166	     1	1.7427	     0
8.5262	     0	1.7443	     0
8.5357	     0	1.7460	     1
8.5453	     0	1.7477	     1
8.5549	     0	1.7493	     0
8.5645	     1	1.7510	     0
8.5740	     1	1.7526	     1
8.5836	     0	1.7543	     0
8.5932	     0	1.7560	     1
8.6027	     0	1.7576	     0
8.6123	     0	1.7593	     0
8.6219	     0	1.7609	     0
8.6314	     1	1.7626	     0
8.6410	     0	1.7643	     0
8.6506	     1	1.7659	     2
8.6602	     0	1.7676	     0
8.6697	     0	1.7692	     2
8.6793	     1	1.7709	     0
8.6889	     0	1.7726	     0
8.6984	     1	1.7742	     1
8.7080	     0	1.7759	     0
8.7176	     0	1.7775	     0
8.7271	     0	1.7792	     0
8.7367	     0	1.7809	     3
8.7463	     0	1.7825	     0
8.7559	     0	1.7842	     1
8.7654	     0	1.7858	     0
8.7750	     0	1.7875	     0
8.7846	     0	1.7892	     0
8.7941	     1	1.7908	     0
8.8037	     0	1.7925	     0
8.8133	     0	1.7941	     0
8.8229	     0	1.7958	     0
8.8324	     0	1.7975	     1
8.8420	     1	1.7991	     0
8.8516	     0	1.8008	     0
8.8611	     0	1.8024	     0
8.8707	     1	1.8041	     0
8.8803	     0	1.8058	     1
8.8898	     0	1.8074	     0
8.8994	     0	1.8091	     0
8.9090	     0	1.8107	     0
8.9186	     0	1.8124	     1
8.9281	     0	1.8141	     0
8.9377	     0	1.8157	     0
8.9473	     0	1.8174	     0
8.9568	     0	1.8190	     0
8.9664	     0	1.8207	     0
8.9760	     0	1.8224	     1
8.9855	     0	1.8240	     0
8.9951	     0	1.8257	     0
9.0047	     0	1.8273	     0
9.0143	     0	1.8290	     0
9.0238	     0	1.8307	     0
9.0334	     0	1.8323	     0
9.0430	     0	1.8340	     0
9.0525	     0	1.8356	     0
9.0621	     0	1.8373	     0
9.0717	     0	1.8390	     1
9.0813	     0	1.8406	     0
9.0908	     1	1.8423	     1
9.1004	     0	1.8439	     1
9.1100	     0	1.8456	     0
9.1195	     0	1.8473	     0
9.1291	     0	1.8489	     1
9.1387	     0	1.8506	     0
9.1482	     0	1.8522	     0
9.1578	     0	1.8539	     0
9.1674	     0	1.8556	     0
9.1770	     0	1.8572	     0
9.1865	     0	1.8589	     0
9.1961	     0	1.8605	     1
9.2057	     0	1.8622	     0
9.2152	     0	1.8639	     2
9.2248	     0	1.8655	     0
9.2344	     0	1.8672	     0
9.2439	     0	1.8688	     0
9.2535	     0	1.8705	     0
9.2631	     0	1.8722	     0
9.2727	     0	1.8738	     0
9.2822	     0	1.8755	     0
9.2918	     0	1.8771	     0
9.3014	     0	1.8788	     0
9.3109	     0	1.8805	     0
9.3205	     0	1.8821	     0
9.3301	     0	1.8838	     0
9.3396	     0	1.8854	     0
9.3492	     0	1.8871	     0
9.3588	     0	1.8888	     0
9.3684	     0	1.8904	     1
9.3779	     0	1.8921	     2
9.3875	     0	1.8938	     0
9.3971	     0	1.8954	     0
9.4066	     0	1.8971	     1
9.4162	     0	1.8987	     0
9.4258	     0	1.9004	     0
9.4354	     0	1.9021	     0
9.4449	     0	1.9037	     1
9.4545	     0	1.9054	     0
9.4641	     0	1.9070	     0
9.4736	     0	1.9087	     0
9.4832	     0	1.9104	     1
9.4928	     0	1.9120	     0
9.5023	     0	1.9137	     0
9.5119	     0	1.9153	     0
9.5215	     0	1.9170	     0
9.5311	     0	1.9187	     1
9.5406	     0	1.9203	     0
9.5502	     0	1.9220	     1
9.5598	     0	1.9236	     0
9.5693	     0	1.9253	     1
9.5789	     0	1.9270	     0
9.5885	     0	1.9286	     0
9.5980	     0	1.9303	     0
9.6076	     0	1.9319	     0
9.6172	     0	1.9336	     0
9.6268	     0	1.9353	     0
9.6363	     0	1.9369	     1
9.6459	     0	1.9386	     1
9.6555	     0	1.9402	     0
9.6650	     0	1.9419	     1
9.6746	     0	1.9436	     1
9.6842	     0	1.9452	     0
9.6937	     0	1.9469	     1
9.7033	     0	1.9485	     0
9.7129	     0	1.9502	     0
9.7225	     0	1.9519	     0
9.7320	     0	1.9535	     2
9.7416	     0	1.9552	     0
9.7512	     0	1.9568	     0
9.7607	     0	1.9585	     0
9.7703	     0	1.9602	     2
9.7799	     0	1.9618	     1
9.7895	     0	1.9635	     0
9.7990	     0	1.9651	     1
9.8086	     0	1.9668	     0
9.8182	     0	1.9685	     1
9.8277	     0	1.9701	     0
9.8373	     0	1.9718	     0
9.8469	     0	1.9734	     0
9.8564	     0	1.9751	     0
9.8660	     0	1.9768	     0
9.8756	     0	1.9784	     0
9.8852	     0	1.9801	     1
9.8947	     0	1.9817	     0
9.9043	     0	1.9834	     0
9.9139	     0	1.9851	     1
9.9234	     0	1.9867	     1
9.9330	     0	1.9884	     0
9.9426	     0	1.9900	     0
9.9521	     0	1.9917	     0
9.9617	     0	1.9934	     0
9.9713	     0	1.9950	     0
9.9809	     0	1.9967	     1
9.9904	     0	1.9983	     0
