0.2000	  2701	0.3000	     0
0.2096	  2878	0.3017	     0
0.2191	  2848	0.3033	     0
0.2287	  2932	0.3050	     0
0.2383	  2849	0.3066	     0
0.2479	  2740	0.3083	     0
0.2574	  2728	0.3100	     0
0.2670	  2652	0.3116	     0
0.2766	  2665	0.3133	     0
0.2861	  2793	0.3149	     0
0.2957	  2681	0.3166	     0
0.3053	  2858	0.3183	     0
0.3148	  2812	0.3199	     0
0.3244	  2718	0.3216	     0
0.3340	  2685	0.3232	     0
0.3436	  2816	0.3249	     0
0.3531	  2789	0.3266	     0
0.3627	  2742	0.3282	     0
0.3723	  2794	0.3299	     0
0.3818	  2906	0.3315	     1
0.3914	  2903	0.3332	     1
0.4010	  2866	0.3349	     0
0.4105	  2921	0.3365	     2
0.4201	  2962	0.3382	     1
0.4297	  3033	0.3398	     0
0.4393	  3020	0.3415	     1
0.4488	  3111	0.3432	     0
0.4584	  3137	0.3448	     0
0.4680	  3314	0.3465	     0
0.4775	  3438	0.3481	     2
0.4871	  3697	0.3498	     0
0.4967	  4005	0.3515	     2
0.5063	  4245	0.3531	     1
0.5158	  4601	0.3548	     1
0.5254	  4774	0.3564	     2
0.5350	  4393	0.3581	     3
0.5445	  4262	0.3598	     1
0.5541	  3998	0.3614	     1
0.5637	  3800	0.3631	     1
0.5732	  3772	0.3647	     1
0.5828	  3657	0.3664	     1
0.5924	  3800	0.3681	     0
0.6020	  3651	0.3697	     1
0.6115	  3593	0.3714	     0
0.6211	  3549	0.3730	     0
0.6307	  3343	0.3747	     1
0.6402	  3381	0.3764	     2
0.6498	  3333	0.3780	     0
0.6594	  3266	0.3797	     0
0.6689	  3242	0.3813	     1
0.6785	  3254	0.3830	     3
0.6881	  3238	0.3847	     0
0.6977	  3310	0.3863	     0
0.7072	  3317	0.3880	     0
0.7168	  3248	0.3896	     1
0.7264	  3319	0.3913	     0
0.7359	  3351	0.3930	     1
0.7455	  3430	0.3946	     0
0.7551	  3312	0.3963	     1
0.7646	  3417	0.3979	     1
0.7742	  3526	0.3996	     0
0.7838	  3480	0.4013	     2
0.7934	  3479	0.4029	     0
0.8029	  3340	0.4046	     0
0.8125	  3530	0.4063	     1
0.8221	  3566	0.4079	     1
0.8316	  3586	0.4096	     0
0.8412	  3461	0.4112	     1
0.8508	  3495	0.4129	     0
0.8604	  3505	0.4146	     1
0.8699	  3576	0.4162	     0
0.8795	  3498	0.4179	     0
0.8891	  3572	0.4195	     2
0.8986	  3476	0.4212	     0
0.9082	  3548	0.4229	     0
0.9178	  3568	0.4245	     1
0.9273	  3536	0.4262	     0
0.9369	  3636	0.4278	     0
0.9465	  3590	0.4295	     1
0.9561	  3589	0.4312	     1
0.9656	  3573	0.4328	     2
0.9752	  3704	0.4345	     1
0.9848	  3692	0.4361	     0
0.9943	  3722	0.4378	     1
1.0039	  3570	0.4395	     1
1.0135	  3630	0.4411	     0
1.0230	  3767	0.4428	     1
1.0326	  3649	0.4444	     1
1.0422	  3865	0.4461	     0
1.0518	  3838	0.4478	     1
1.0613	  3898	0.4494	     1
1.0709	  3979	0.4511	     0
1.0805	  4115	0.4527	     0
1.0900	  4274	0.4544	     0
1.0996	  4239	0.4561	     1
1.1092	  4436	0.4577	     0
1.1188	  4439	0.4594	     2
1.1283	  4672	0.4610	     2
1.1379	  4652	0.4627	     0
1.1475	  4796	0.4644	     0
1.1570	  4932	0.4660	     0
1.1666	  4921	0.4677	     1
1.1762	  4976	0.4693	     1
1.1857	  4827	0.4710	     0
1.1953	  4852	0.4727	     1
1.2049	  4705	0.4743	     0
1.2145	  4613	0.4760	     0
1.2240	  4487	0.4776	     1
1.2336	  4479	0.4793	     0
1.2432	  4414	0.4810	     0
1.2527	  4262	0.4826	     0
1.2623	  4300	0.4843	     1
1.2719	  4127	0.4859	     0
1.2814	  4292	0.4876	     1
1.2910	  4290	0.4893	     0
1.3006	  4139	0.4909	     0
1.3102	  4053	0.4926	     2
1.3197	  4144	0.4942	     0
1.3293	  4071	0.4959	     0
1.3389	  4058	0.4976	     0
1.3484	  4225	0.4992	     0
1.3580	  4105	0.5009	     3
1.3676	  3959	0.5025	     0
1.3771	  4093	0.5042	     2
1.3867	  4024	0.5059	     1
1.3963	  4037	0.5075	     1
1.4059	  4059	0.5092	     0
1.4154	  4104	0.5108	     0
1.4250	  4090	0.5125	     1
1.4346	  3951	0.5142	     1
1.4441	  3926	0.5158	     0
1.4537	  3974	0.5175	     0
1.4633	  3982	0.5191	     1
1.4729	  3866	0.5208	     1
1.4824	  3873	0.5225	     1
1.4920	  3844	0.5241	     1
1.5016	  3685	0.5258	     3
1.5111	  3743	0.5274	     1
1.5207	  3630	0.5291	     2
1.5303	  3558	0.5308	     0
1.5398	  3634	0.5324	     0
1.5494	  3519	0.5341	     1
1.5590	  3453	0.5357	     0
1.5686	  3412	0.5374	     1
1.5781	  3460	0.5391	     1
1.5877	  3424	0.5407	     0
1.5973	  3338	0.5424	     1
1.6068	  3362	0.5440	     0
1.6164	  3374	0.5457	     0
1.6260	  3224	0.5474	     1
1.6355	  3262	0.5490	     1
1.6451	  3318	0.5507	     0
1.6547	  3248	0.5523	     1
1.6643	  3198	0.5540	     1
1.6738	  3241	0.5557	     0
1.6834	  3162	0.5573	     1
1.6930	  3277	0.5590	     0
1.7025	  3181	0.5606	     0
1.7121	  3127	0.5623	     2
1.7217	  3096	0.5640	     1
1.7313	  3042	0.5656	     2
1.7408	  3141	0.5673	     0
1.7504	  3067	0.5689	     0
1.7600	  3090	0.5706	     0
1.7695	  3138	0.5723	     2
1.7791	  3191	0.5739	     0
1.7887	  2975	0.5756	     0
1.7982	  3144	0.5772	     0
1.8078	  3165	0.5789	     0
1.8174	  3168	0.5806	     1
1.8270	  3106	0.5822	     1
1.8365	  3051	0.5839	     0
1.8461	  3112	0.5855	     1
1.8557	  3099	0.5872	     1
1.8652	  3118	0.5889	     1
1.8748	  3216	0.5905	     0
1.8844	  3135	0.5922	     0
1.8939	  3095	0.5938	     0
1.9035	  3125	0.5955	     1
1.9131	  3134	0.5972	     0
1.9227	  3162	0.5988	     0
1.9322	  3124	0.6005	     0
1.9418	  3053	0.6021	     3
1.9514	  3080	0.6038	     2
1.9609	  3020	0.6055	     1
1.9705	  3088	0.6071	     0
1.9801	  3091	0.6088	     0
1.9896	  3081	0.6104	     0
1.9992	  3136	0.6121	     0
2.0088	  3051	0.6138	     2
2.0184	  3038	0.6154	     0
2.0279	  3060	0.6171	     0
2.0375	  3025	0.6187	     0
2.0471	  3006	0.6204	     0
2.0566	  3068	0.6221	     3
2.0662	  2955	0.6237	     0
2.0758	  2870	0.6254	     1
2.0854	  2835	0.6271	     0
2.0949	  2888	0.6287	     3
2.1045	  2754	0.6304	     1
2.1141	  2708	0.6320	     0
2.1236	  2690	0.6337	     1
2.1332	  2638	0.6354	     2
2.1428	  2549	0.6370	     0
2.1523	  2582	0.6387	     0
2.1619	  2519	0.6403	     1
2.1715	  2497	0.6420	     0
2.1811	  2433	0.6437	     0
2.1906	  2406	0.6453	     1
2.2002	  2378	0.6470	     0
2.2098	  2354	0.6486	     1
2.2193	  2231	0.6503	     0
2.2289	  2223	0.6520	     0
2.2385	  2318	0.6536	     0
2.2480	  2266	0.6553	     1
2.2576	  2084	0.6569	     1
2.2672	  2169	0.6586	     1
2.2768	  2092	0.6603	     2
2.2863	  2097	0.6619	     0
2.2959	  2029	0.6636	     2
2.3055	  1996	0.6652	     0
2.3150	  1985	0.6669	     2
2.3246	  1999	0.6686	     1
2.3342	  2006	0.6702	     0
2.3438	  2014	0.6719	     1
2.3533	  2064	0.6735	     2
2.3629	  2012	0.6752	     0
2.3725	  2041	0.6769	     1
2.3820	  2031	0.6785	     2
2.3916	  1995	0.6802	     1
2.4012	  1987	0.6818	     1
2.4107	  2049	0.6835	     0
2.4203	  2001	0.6852	     1
2.4299	  1985	0.6868	     0
2.4395	  2029	0.6885	     0
2.4490	  2050	0.6901	     0
2.4586	  2048	0.6918	     0
2.4682	  1978	0.6935	     1
2.4777	  1927	0.6951	     0
2.4873	  1882	0.6968	     0
2.4969	  1953	0.6984	     0
2.5064	  2012	0.7001	     0
2.5160	  2005	0.7018	     1
2.5256	  2003	0.7034	     0
2.5352	  2102	0.7051	     3
2.5447	  1989	0.7067	     0
2.5543	  1986	0.7084	     0
2.5639	  2092	0.7101	     0
2.5734	  2000	0.7117	     0
2.5830	  2090	0.7134	     1
2.5926	  1976	0.7150	     0
2.6021	  1969	0.7167	     0
2.6117	  2059	0.7184	     0
2.6213	  2106	0.7200	     0
2.6309	  2058	0.7217	     0
2.6404	  2054	0.7233	     1
2.6500	  2104	0.7250	     0
2.6596	  2163	0.7267	     0
2.6691	  2121	0.7283	     0
2.6787	  2154	0.7300	     0
2.6883	  2088	0.7316	     0
2.6979	  2102	0.7333	     3
2.7074	  2077	0.7350	     0
2.7170	  2157	0.7366	     0
2.7266	  2222	0.7383	     1
2.7361	  2202	0.7399	     0
2.7457	  2197	0.7416	     0
2.7553	  2203	0.7433	     0
2.7648	  2217	0.7449	     0
2.7744	  2243	0.7466	     0
2.7840	  2288	0.7482	     1
2.7936	  2244	0.7499	     1
2.8031	  2281	0.7516	     0
2.8127	  2289	0.7532	     0
2.8223	  2254	0.7549	     1
2.8318	  2300	0.7565	     1
2.8414	  2374	0.7582	     0
2.8510	  2305	0.7599	     1
2.8605	  2495	0.7615	     0
2.8701	  2459	0.7632	     1
2.8797	  2433	0.7648	     1
2.8893	  2376	0.7665	     0
2.8988	  2479	0.7682	     0
2.9084	  2500	0.7698	     1
2.9180	  2566	0.7715	     0
2.9275	  2534	0.7731	     0
2.9371	  2553	0.7748	     0
2.9467	  2526	0.7765	     0
2.9563	  2641	0.7781	     0
2.9658	  2677	0.7798	     0
2.9754	  2734	0.7814	     0
2.9850	  2878	0.7831	     1
2.9945	  2817	0.7848	     0
3.0041	  2953	0.7864	     0
3.0137	  3007	0.7881	     1
3.0232	  3108	0.7897	     1
3.0328	  3298	0.7914	     2
3.0424	  3450	0.7931	     0
3.0520	  3747	0.7947	     0
3.0615	  3989	0.7964	     1
3.0711	  4318	0.7980	     0
3.0807	  4725	0.7997	     0
3.0902	  5187	0.8014	     0
3.0998	  5576	0.8030	     0
3.1094	  6233	0.8047	     0
3.1189	  6839	0.8063	     0
3.1285	  7495	0.8080	     0
3.1381	  8465	0.8097	     1
3.1477	  9044	0.8113	     0
3.1572	 10056	0.8130	     0
3.1668	 11062	0.8146	     0
3.1764	 12012	0.8163	     0
3.1859	 13367	0.8180	     1
3.1955	 14619	0.8196	     0
3.2051	 15757	0.8213	     2
3.2146	 17281	0.8229	     0
3.2242	 18534	0.8246	     0
3.2338	 19755	0.8263	     1
3.2434	 21068	0.8279	     0
3.2529	 22471	0.8296	     0
3.2625	 23664	0.8313	     0
3.2721	 24907	0.8329	     1
3.2816	 25790	0.8346	     0
3.2912	 27071	0.8362	     1
3.3008	 27325	0.8379	     0
3.3104	 28349	0.8396	     0
3.3199	 28608	0.8412	     0
3.3295	 29200	0.8429	     0
3.3391	 29165	0.8445	     0
3.3486	 29026	0.8462	     1
3.3582	 28855	0.8479	     0
3.3678	 28141	0.8495	     0
3.3773	 27382	0.8512	     1
3.3869	 26468	0.8528	     0
3.3965	 25771	0.8545	     2
3.4061	 24230	0.8562	     0
3.4156	 23286	0.8578	     0
3.4252	 21228	0.8595	     0
3.4348	 20236	0.8611	     2
3.4443	 18801	0.8628	     0
3.4539	 17053	0.8645	     0
3.4635	 15589	0.8661	     0
3.4730	 14239	0.8678	     0
3.4826	 12665	0.8694	     0
3.4922	 11411	0.8711	     1
3.5018	  9964	0.8728	     0
3.5113	  9075	0.8744	     2
3.5209	  7895	0.8761	     0
3.5305	  6922	0.8777	     0
3.5400	  5902	0.8794	     0
3.5496	  5239	0.8811	     1
3.5592	  4474	0.8827	     0
3.5688	  3986	0.8844	     0
3.5783	  3447	0.8860	     0
3.5879	  3128	0.8877	     1
3.5975	  2598	0.8894	     1
3.6070	  2343	0.8910	     0
3.6166	  2147	0.8927	     1
3.6262	  1849	0.8943	     1
3.6357	  1617	0.8960	     1
3.6453	  1596	0.8977	     1
3.6549	  1447	0.8993	     0
3.6645	  1367	0.9010	     0
3.6740	  1292	0.9026	     1
3.6836	  1174	0.9043	     1
3.6932	  1214	0.9060	     0
3.7027	  1140	0.9076	     0
3.7123	  1137	0.9093	     1
3.7219	  1099	0.9109	     1
3.7314	  1059	0.9126	     1
3.7410	  1066	0.9143	     0
3.7506	  1065	0.9159	     1
3.7602	  1008	0.9176	     0
3.7697	  1042	0.9192	     2
3.7793	  1009	0.9209	     0
3.7889	  1034	0.9226	     0
3.7984	  1025	0.9242	     0
3.8080	  1082	0.9259	     0
3.8176	  1077	0.9275	     0
3.8271	  1036	0.9292	     1
3.8367	  1052	0.9309	     0
3.8463	  1064	0.9325	     0
3.8559	  1073	0.9342	     1
3.8654	  1036	0.9358	     0
3.8750	  1118	0.9375	     0
3.8846	  1089	0.9392	     0
3.8941	  1070	0.9408	     0
3.9037	  1046	0.9425	     1
3.9133	  1075	0.9441	     0
3.9229	  1035	0.9458	     0
3.9324	  1081	0.9475	     3
3.9420	  1072	0.9491	     0
3.9516	  1028	0.9508	     0
3.9611	  1087	0.9524	     0
3.9707	  1105	0.9541	     0
3.9803	  1061	0.9558	     0
3.9898	  1067	0.9574	     0
3.9994	  1094	0.9591	     1
4.0090	   989	0.9607	     0
4.0186	  1064	0.9624	     0
4.0281	  1107	0.9641	     0
4.0377	  1026	0.9657	     1
4.0473	  1094	0.9674	     1
4.0568	  1071	0.9690	     0
4.0664	  1041	0.9707	     0
4.0760	  1078	0.9724	     1
4.0855	  1131	0.9740	     0
4.0951	  1071	0.9757	     1
4.1047	  1076	0.9773	     0
4.1143	   990	0.9790	     0
4.1238	  1083	0.9807	     0
4.1334	  1084	0.9823	     1
4.1430	  1101	0.9840	     1
4.1525	  1109	0.9856	     1
4.1621	  1194	0.9873	     2
4.1717	  1208	0.9890	     1
4.1813	  1196	0.9906	     1
4.1908	  1230	0.9923	     0
4.2004	  1313	0.9939	     0
4.2100	  1354	0.9956	     0
4.2195	  1314	0.9973	     1
4.2291	  1401	0.9989	     0
4.2387	  1374	1.0006	     0
4.2482	  1368	1.0022	     0
4.2578	  1473	1.0039	     0
4.2674	  1385	1.0056	     0
4.2770	  1479	1.0072	     0
4.2865	  1547	1.0089	     0
4.2961	  1574	1.0105	     0
4.3057	  1596	1.0122	     1
4.3152	  1609	1.0139	     0
4.3248	  1658	1.0155	     0
4.3344	  1770	1.0172	     0
4.3439	  1732	1.0188	     2
4.3535	  1671	1.0205	     0
4.3631	  1639	1.0222	     0
4.3727	  1520	1.0238	     0
4.3822	  1483	1.0255	     0
4.3918	  1487	1.0271	     0
4.4014	  1457	1.0288	     0
4.4109	  1403	1.0305	     0
4.4205	  1397	1.0321	     0
4.4301	  1485	1.0338	     3
4.4396	  1382	1.0354	     0
4.4492	  1372	1.0371	     0
4.4588	  1478	1.0388	     0
4.4684	  1355	1.0404	     0
4.4779	  1440	1.0421	     0
4.4875	  1440	1.0438	     0
4.4971	  1504	1.0454	     0
4.5066	  1574	1.0471	     1
4.5162	  1574	1.0487	     0
4.5258	  1619	1.0504	     0
4.5354	  1587	1.0521	     0
4.5449	  1709	1.0537	     0
4.5545	  1835	1.0554	     0
4.5641	  1876	1.0570	     2
4.5736	  1826	1.0587	     0
4.5832	  1764	1.0604	     0
4.5928	  1768	1.0620	     0
4.6023	  1782	1.0637	     0
4.6119	  1808	1.0653	     1
4.6215	  1798	1.0670	     1
4.6311	  1710	1.0687	     1
4.6406	  1543	1.0703	     0
4.6502	  1365	1.0720	     1
4.6598	  1153	1.0736	     0
4.6693	   979	1.0753	     0
4.6789	   867	1.0770	     0
4.6885	   815	1.0786	     0
4.6980	   692	1.0803	     0
4.7076	   697	1.0819	     0
4.7172	   706	1.0836	     0
4.7268	   736	1.0853	     0
4.7363	   706	1.0869	     0
4.7459	   661	1.0886	     0
4.7555	   716	1.0902	     1
4.7650	   680	1.0919	     1
4.7746	   711	1.0936	     0
4.7842	   682	1.0952	     0
4.7938	   705	1.0969	     0
4.8033	   705	1.0985	     0
4.8129	   765	1.1002	     0
4.8225	   699	1.1019	     1
4.8320	   754	1.1035	     0
4.8416	   686	1.1052	     1
4.8512	   682	1.1068	     2
4.8607	   747	1.1085	     0
4.8703	   749	1.1102	     2
4.8799	   772	1.1118	     0
4.8895	   719	1.1135	     1
4.8990	   739	1.1151	     0
4.9086	   751	1.1168	     1
4.9182	   753	1.1185	     0
4.9277	   777	1.1201	     0
4.9373	   757	1.1218	     0
4.9469	   809	1.1234	     0
4.9564	   776	1.1251	     1
4.9660	   876	1.1268	     0
4.9756	   824	1.1284	     0
4.9852	   834	1.1301	     1
4.9947	   853	1.1317	     0
5.0043	   840	1.1334	     1
5.0139	   868	1.1351	     1
5.0234	   862	1.1367	     0
5.0330	   882	1.1384	     2
5.0426	   840	1.1400	     3
5.0521	   856	1.1417	     0
5.0617	   892	1.1434	     1
5.0713	   879	1.1450	     0
5.0809	   908	1.1467	     0
5.0904	   962	1.1483	     1
5.1000	   953	1.1500	     1
5.1096	   930	1.1517	     0
5.1191	   909	1.1533	     0
5.1287	   938	1.1550	     0
5.1383	   942	1.1566	     0
5.1479	   963	1.1583	     1
5.1574	  1005	1.1600	     1
5.1670	  1043	1.1616	     0
5.1766	   964	1.1633	     1
5.1861	   944	1.1649	     1
5.1957	  1036	1.1666	     0
5.2053	  1079	1.1683	     0
5.2148	  1092	1.1699	     0
5.2244	  1083	1.1716	     1
5.2340	  1109	1.1732	     0
5.2436	  1154	1.1749	     0
5.2531	  1122	1.1766	     0
5.2627	  1181	1.1782	     2
5.2723	  1185	1.1799	     0
5.2818	  1213	1.1815	     2
5.2914	  1211	1.1832	     0
5.3010	  1274	1.1849	     0
5.3105	  1217	1.1865	     1
5.3201	  1263	1.1882	     0
5.3297	  1221	1.1898	     0
5.3393	  1270	1.1915	     1
5.3488	  1273	1.1932	     2
5.3584	  1317	1.1948	     0
5.3680	  1285	1.1965	     1
5.3775	  1374	1.1981	     1
5.3871	  1339	1.1998	     2
5.3967	  1400	1.2015	     0
5.4063	  1329	1.2031	     1
5.4158	  1439	1.2048	     0
5.4254	  1439	1.2064	     0
5.4350	  1342	1.2081	     0
5.4445	  1473	1.2098	     0
5.4541	  1460	1.2114	     0
5.4637	  1415	1.2131	     1
5.4732	  1446	1.2147	     0
5.4828	  1497	1.2164	     0
5.4924	  1594	1.2181	     0
5.5020	  1546	1.2197	     0
5.5115	  1620	1.2214	     0
5.5211	  1751	1.2230	     0
5.5307	  1839	1.2247	     0
5.5402	  1842	1.2264	     0
5.5498	  1928	1.2280	     1
5.5594	  1832	1.2297	     0
5.5689	  1863	1.2313	     1
5.5785	  1903	1.2330	     0
5.5881	  1907	1.2347	     1
5.5977	  2006	1.2363	     0
5.6072	  1990	1.2380	     1
5.6168	  1977	1.2396	     0
5.6264	  2074	1.2413	     1
5.6359	  2042	1.2430	     1
5.6455	  2034	1.2446	     1
5.6551	  2078	1.2463	     1
5.6646	  2125	1.2479	     0
5.6742	  2099	1.2496	     2
5.6838	  2142	1.2513	     0
5.6934	  2118	1.2529	     0
5.7029	  2182	1.2546	     1
5.7125	  2121	1.2562	     0
5.7221	  2238	1.2579	     0
5.7316	  2236	1.2596	     0
5.7412	  2281	1.2612	     0
5.7508	  2326	1.2629	     2
5.7604	  2255	1.2646	     1
5.7699	  2319	1.2662	     2
5.7795	  2557	1.2679	     0
5.7891	  2607	1.2695	     0
5.7986	  2726	1.2712	     0
5.8082	  2807	1.2729	     0
5.8178	  2752	1.2745	     0
5.8273	  2748	1.2762	     0
5.8369	  2868	1.2778	     1
5.8465	  2844	1.2795	     2
5.8561	  2833	1.2812	     1
5.8656	  3002	1.2828	     1
5.8752	  2919	1.2845	     0
5.8848	  2968	1.2861	     1
5.8943	  2949	1.2878	     0
5.9039	  2951	1.2895	     0
5.9135	  2879	1.2911	     1
5.9230	  2854	1.2928	     1
5.9326	  2879	1.2944	     2
5.9422	  2820	1.2961	     1
5.9518	  2765	1.2978	     1
5.9613	  2725	1.2994	     0
5.9709	  2734	1.3011	     1
5.9805	  2566	1.3027	     1
5.9900	  2658	1.3044	     1
5.9996	  2539	1.3061	     0
6.0092	  2453	1.3077	     0
6.0188	  2467	1.3094	     0
6.0283	  2369	1.3110	     0
6.0379	  2563	1.3127	     0
6.0475	  2531	1.3144	     0
6.0570	  2416	1.3160	     0
6.0666	  2199	1.3177	     0
6.0762	  2133	1.3193	     0
6.0857	  2097	1.3210	     1
6.0953	  1949	1.3227	     0
6.1049	  1945	1.3243	     1
6.1145	  1864	1.3260	     1
6.1240	  1842	1.3276	     0
6.1336	  1876	1.3293	     0
6.1432	  1758	1.3310	     0
6.1527	  1755	1.3326	     1
6.1623	  1651	1.3343	     0
6.1719	  1645	1.3359	     2
6.1814	  1629	1.3376	     0
6.1910	  1585	1.3393	     0
6.2006	  1542	1.3409	     0
6.2102	  1599	1.3426	     0
6.2197	  1537	1.3442	     0
6.2293	  1443	1.3459	     1
6.2389	  1477	1.3476	     1
6.2484	  1476	1.3492	     1
6.2580	  1449	1.3509	     0
6.2676	  1613	1.3525	     1
6.2771	  1892	1.3542	     0
6.2867	  2148	1.3559	     1
6.2963	  2356	1.3575	     1
6.3059	  2941	1.3592	     0
6.3154	  3658	1.3608	     1
6.3250	  4523	1.3625	     0
6.3346	  5517	1.3642	     0
6.3441	  6970	1.3658	     0
6.3537	  8333	1.3675	     0
6.3633	 10044	1.3691	     0
6.3729	 11520	1.3708	     0
6.3824	 12979	1.3725	     1
6.3920	 14433	1.3741	     1
6.4016	 16202	1.3758	     1
6.4111	 17086	1.3774	     0
6.4207	 17771	1.3791	     1
6.4303	 18642	1.3808	     1
6.4398	 18621	1.3824	     0
6.4494	 18680	1.3841	     0
6.4590	 18195	1.3857	     0
6.4686	 17314	1.3874	     0
6.4781	 16060	1.3891	     0
6.4877	 14595	1.3907	     0
6.4973	 13345	1.3924	     0
6.5068	 12185	1.3940	     0
6.5164	 11297	1.3957	     0
6.5260	  9487	1.3974	     2
6.5355	  7072	1.3990	     0
6.5451	  5125	1.4007	     0
6.5547	  3639	1.4023	     0
6.5643	  2333	1.4040	     0
6.5738	  1562	1.4057	     0
6.5834	   956	1.4073	     2
6.5930	   595	1.4090	     0
6.6025	   433	1.4106	     0
6.6121	   315	1.4123	     1
6.6217	   299	1.4140	     1
6.6313	   242	1.4156	     1
6.6408	   220	1.4173	     1
6.6504	   198	1.4189	     0
6.6600	   197	1.4206	     1
6.6695	   218	1.4223	     1
6.6791	   246	1.4239	     1
6.6887	   237	1.4256	     0
6.6982	   250	1.4272	     0
6.7078	   256	1.4289	     2
6.7174	   238	1.4306	     0
6.7270	   263	1.4322	     0
6.7365	   248	1.4339	     0
6.7461	   284	1.4355	     1
6.7557	   281	1.4372	     0
6.7652	   249	1.4389	     0
6.7748	   223	1.4405	     0
6.7844	   203	1.4422	     1
6.7939	   200	1.4438	     1
6.8035	   190	1.4455	     1
6.8131	   168	1.4472	     1
6.8227	   123	1.4488	     0
6.8322	   140	1.4505	     0
6.8418	   130	1.4521	     1
6.8514	   120	1.4538	     0
6.8609	   120	1.4555	     0
6.8705	   122	1.4571	     0
6.8801	   115	1.4588	     0
6.8896	    86	1.4604	     2
6.8992	   103	1.4621	     0
6.9088	   103	1.4638	     0
6.9184	   103	1.4654	     0
6.9279	   114	1.4671	     0
6.9375	    94	1.4688	     1
6.9471	   108	1.4704	     0
6.9566	    89	1.4721	     1
6.9662	   108	1.4737	     0
6.9758	    80	1.4754	     1
6.9854	    78	1.4771	     0
6.9949	    82	1.4787	     0
7.0045	    86	1.4804	     1
7.0141	    92	1.4820	     0
7.0236	    70	1.4837	     0
7.0332	    82	1.4854	     0
7.0428	    75	1.4870	     1
7.0523	    84	1.4887	     1
7.0619	    74	1.4903	     0
7.0715	    75	1.4920	     0
7.0811	    90	1.4937	     0
7.0906	    77	1.4953	     1
7.1002	    71	1.4970	     0
7.1098	    59	1.4986	     0
7.1193	    60	1.5003	     1
7.1289	    60	1.5020	     0
7.1385	    58	1.5036	     1
7.1480	    43	1.5053	     0
7.1576	    48	1.5069	     0
7.1672	    39	1.5086	     0
7.1768	    42	1.5103	     0
7.1863	    45	1.5119	     2
7.1959	    47	1.5136	     1
7.2055	    38	1.5152	     0
7.2150	    31	1.5169	     0
7.2246	    34	1.5186	     1
7.2342	    36	1.5202	     1
7.2438	    34	1.5219	     0
7.2533	    37	1.5235	     2
7.2629	    30	1.5252	     0
7.2725	    28	1.5269	     0
7.2820	    29	1.5285	     0
7.2916	    29	1.5302	     0
7.3012	    30	1.5318	     1
7.3107	    40	1.5335	     0
7.3203	    28	1.5352	     2
7.3299	    44	1.5368	     0
7.3395	    43	1.5385	     1
7.3490	    43	1.5401	     0
7.3586	    28	1.5418	     0
7.3682	    46	1.5435	     0
7.3777	    31	1.5451	     0
7.3873	    38	1.5468	     0
7.3969	    33	1.5484	     0
7.4064	    45	1.5501	     0
7.4160	    44	1.5518	     0
7.4256	    25	1.5534	     1
7.4352	    36	1.5551	     0
7.4447	    29	1.5567	     0
7.4543	    36	1.5584	     0
7.4639	    30	1.5601	     0
7.4734	    39	1.5617	     0
7.4830	    34	1.5634	     0
7.4926	    34	1.5650	     1
7.5021	    30	1.5667	     0
7.5117	    22	1.5684	     1
7.5213	    36	1.5700	     0
7.5309	    25	1.5717	     0
7.5404	    35	1.5733	     1
7.5500	    32	1.5750	     0
7.5596	    21	1.5767	     0
7.5691	    18	1.5783	     2
7.5787	    20	1.5800	     0
7.5883	    11	1.5816	     0
7.5979	    23	1.5833	     1
7.6074	    12	1.5850	     1
7.6170	    20	1.5866	     0
7.6266	    13	1.5883	     0
7.6361	     9	1.5899	     0
7.6457	    15	1.5916	     0
7.6553	    14	1.5933	     0
7.6648	    13	1.5949	     0
7.6744	    13	1.5966	     0
7.6840	    10	1.5982	     0
7.6936	    10	1.5999	     1
7.7031	     8	1.6016	     0
7.7127	    16	1.6032	     0
7.7223	     9	1.6049	     1
7.7318	    10	1.6065	     0
7.7414	     8	1.6082	     0
7.7510	    13	1.6099	     0
7.7605	    11	1.6115	     0
7.7701	    11	1.6132	     1
7.7797	     8	1.6148	     0
7.7893	    14	1.6165	     0
7.7988	    13	1.6182	     1
7.8084	    12	1.6198	     0
7.8180	    14	1.6215	     0
7.8275	     7	1.6231	     0
7.8371	     7	1.6248	     0
7.8467	    16	1.6265	     0
7.8563	     5	1.6281	     0
7.8658	     8	1.6298	     0
7.8754	     7	1.6314	     0
7.8850	    12	1.6331	     0
7.8945	    11	1.6348	     0
7.9041	     5	1.6364	     0
7.9137	     8	1.6381	     1
7.9232	    10	1.6397	     0
7.9328	     9	1.6414	     0
7.9424	     7	1.6431	     1
7.9520	     4	1.6447	     0
7.9615	    12	1.6464	     0
7.9711	     8	1.6480	     0
7.9807	     7	1.6497	     0
7.9902	    11	1.6514	     0
7.9998	    11	1.6530	     0
8.0094	     5	1.6547	     0
8.0189	     4	1.6563	     0
8.0285	     4	1.6580	     0
8.0381	     8	1.6597	     0
8.0477	     5	1.6613	     0
8.0572	     6	1.6630	     0
8.0668	     0	1.6646	     0
8.0764	     3	1.6663	     0
8.0859	     4	1.6680	     0
8.0955	     1	1.6696	     0
8.1051	     3	1.6713	     1
8.1146	     1	1.6729	     1
8.1242	     2	1.6746	     1
8.1338	     2	1.6763	     0
8.1434	     3	1.6779	     0
8.1529	     1	1.6796	     1
8.1625	     1	1.6812	     0
8.1721	     2	1.6829	     1
8.1816	     1	1.6846	     0
8.1912	     0	1.6862	     0
8.2008	     2	1.6879	     2
8.2104	     1	1.6896	     0
8.2199	     1	1.6912	     0
8.2295	     0	1.6929	     0
8.2391	     0	1.6945	     1
8.2486	     0	1.6962	     0
8.2582	     0	1.6979	     2
8.2678	     1	1.6995	     0
8.2773	     0	1.7012	     0
8.2869	     0	1.7028	     0
8.2965	     0	1.7045	     0
8.3061	     3	1.7062	     2
8.3156	     0	1.7078	     0
8.3252	     0	1.7095	     1
8.3348	     0	1.7111	     0
8.3443	     0	1.7128	     1
8.3539	     1	1.7145	     0
8.3635	     0	1.7161	     1
8.3730	     0	1.7178	     0
8.3826	     0	1.7194	     2
8.3922	     0	1.7211	     0
8.4018	     0	1.7228	     0
8.4113	     0	1.7244	     1
8.4209	     0	1.7261	     0
8.4305	     0	1.7277	     0
8.4400	     1	1.7294	     1
8.4496	     0	1.7311	     1
8.4592	     0	1.7327	     0
8.4688	     0	1.7344	     0
8.4783	     0	1.7360	     0
8.4879	     0	1.7377	     0
8.4975	     0	1.7394	     0
8.5070	     0	1.7410	     0
8.5166	     0	1.7427	     0
8.5262	     0	1.7443	     1
8.5357	     0	1.7460	     0
8.5453	     0	1.7477	     0
8.5549	     0	1.7493	     0
8.5645	     0	1.7510	     0
8.5740	     0	1.7526	     1
8.5836	     0	1.7543	     1
8.5932	     0	1.7560	     0
8.6027	     0	1.7576	     1
8.6123	     0	1.7593	     0
8.6219	     0	1.7609	     2
8.6314	     0	1.7626	     0
8.6410	     0	1.7643	     0
8.6506	     0	1.7659	     0
8.6602	     0	1.7676	     0
8.6697	     0	1.7692	     0
8.6793	     0	1.7709	     0
8.6889	     0	1.7726	     0
8.6984	     0	1.7742	     0
8.7080	     0	1.7759	     1
8.7176	     0	1.7775	     0
8.7271	     0	1.7792	     0
8.7367	     0	1.7809	     0
8.7463	     0	1.7825	     0
8.7559	     0	1.7842	     1
8.7654	     0	1.7858	     1
8.7750	     0	1.7875	     0
8.7846	     0	1.7892	     1
8.7941	     0	1.7908	     0
8.8037	     0	1.7925	     0
8.8133	     0	1.7941	     0
8.8229	     0	1.7958	     1
8.8324	     0	1.7975	     1
8.8420	     1	1.7991	     0
8.8516	     0	1.8008	     1
8.8611	     1	1.8024	     0
8.8707	     0	1.8041	     1
8.8803	     0	1.8058	     1
8.8898	     0	1.8074	     1
8.8994	     0	1.8091	     2
8.9090	     0	1.8107	     0
8.9186	     0	1.8124	     0
8.9281	     0	1.8141	     0
8.9377	     0	1.8157	     0
8.9473	     0	1.8174	     0
8.9568	     0	1.8190	     0
8.9664	     0	1.8207	     1
8.9760	     0	1.8224	     0
8.9855	     0	1.8240	     1
8.9951	     1	1.8257	     0
9.0047	     0	1.8273	     1
9.0143	     0	1.8290	     0
9.0238	     0	1.8307	     0
9.0334	     0	1.8323	     3
9.0430	     0	1.8340	     0
9.0525	     0	1.8356	     0
9.0621	     0	1.8373	     0
9.0717	     0	1.8390	     0
9.0813	     0	1.8406	     1
9.0908	     0	1.8423	     0
9.1004	     0	1.8439	     0
9.1100	     0	1.8456	     0
9.1195	     0	1.8473	     0
9.1291	     0	1.8489	     0
9.1387	     0	1.8506	     0
9.1482	     0	1.8522	     1
9.1578	     0	1.8539	     1
9.1674	     0	1.8556	     1
9.1770	     0	1.8572	     1
9.1865	     0	1.8589	     1
9.1961	     0	1.8605	     2
9.2057	     0	1.8622	     0
9.2152	     0	1.8639	     0
9.2248	     0	1.8655	     0
9.2344	     0	1.8672	     0
9.2439	     0	1.8688	     0
9.2535	     0	1.8705	     0
9.2631	     0	1.8722	     1
9.2727	     0	1.8738	     0
9.2822	     0	1.8755	     0
9.2918	     0	1.8771	     0
9.3014	     0	1.8788	     0
9.3109	     0	1.8805	     0
9.3205	     0	1.8821	     0
9.3301	     0	1.8838	     0
9.3396	     0	1.8854	     0
9.3492	     0	1.8871	     1
9.3588	     0	1.8888	     1
9.3684	     0	1.8904	     0
9.3779	     0	1.8921	     1
9.3875	     0	1.8938	     0
9.3971	     0	1.8954	     0
9.4066	     0	1.8971	     0
9.4162	     0	1.8987	     0
9.4258	     0	1.9004	     0
9.4354	     0	1.9021	     1
9.4449	     0	1.9037	     0
9.4545	     0	1.9054	     2
9.4641	     0	1.9070	     0
9.4736	     0	1.9087	     0
9.4832	     0	1.9104	     0
9.4928	     0	1.9120	     0
9.5023	     0	1.9137	     0
9.5119	     0	1.9153	     0
9.5215	     0	1.9170	     0
9.5311	     0	1.9187	     0
9.5406	     0	1.9203	     0
9.5502	     0	1.9220	     1
9.5598	     0	1.9236	     0
9.5693	     0	1.9253	     0
9.5789	     0	1.9270	     0
9.5885	     0	1.9286	     0
9.5980	     0	1.9303	     1
9.6076	     0	1.9319	     0
9.6172	     0	1.9336	     0
9.6268	     0	1.9353	     0
9.6363	     0	1.9369	     0
9.6459	     0	1.9386	     0
9.6555	     0	1.9402	     1
9.6650	     0	1.9419	     0
9.6746	     0	1.9436	     1
9.6842	     0	1.9452	     0
9.6937	     0	1.9469	     0
9.7033	     0	1.9485	     0
9.7129	     0	1.9502	     0
9.7225	     0	1.9519	     0
9.7320	     0	1.9535	     0
9.7416	     0	1.9552	     0
9.7512	     0	1.9568	     0
9.7607	     0	1.9585	     1
9.7703	     0	1.9602	     0
9.7799	     0	1.9618	     0
9.7895	     0	1.9635	     1
9.7990	     0	1.9651	     0
9.8086	     0	1.9668	     0
9.8182	     0	1.9685	     0
9.8277	     0	1.9701	     0
9.8373	     0	1.9718	     0
9.8469	     0	1.9734	     0
9.8564	     0	1.9751	     2
9.8660	     0	1.9768	     0
9.8756	     0	1.9784	     0
9.8852	     0	1.9801	     0
9.8947	     0	1.9817	     1
9.9043	     0	1.9834	     0
9.9139	     0	1.9851	     2
9.9234	     0	1.9867	     0
9.9330	     0	1.9884	     1
9.9426	     0	1.9900	     0
9.9521	     0	1.9917	     0
9.9617	     0	1.9934	     0
9.9713	     0	1.9950	     0
9.9809	     0	1.9967	     1
9.9904	     0	1.9983	     1
