02/07/2019 13:15:45
LT: 180.32

0.2000	  2463	0.3000	     0
0.2096	  2245	0.3017	     0
0.2191	  2058	0.3033	     0
0.2287	  1832	0.3050	     0
0.2383	  1676	0.3066	     0
0.2479	  1715	0.3083	     0
0.2574	  1761	0.3100	     0
0.2670	  1721	0.3116	     0
0.2766	  1792	0.3133	     0
0.2861	  1846	0.3149	     0
0.2957	  1915	0.3166	     0
0.3053	  1982	0.3183	     0
0.3148	  1926	0.3199	     0
0.3244	  2066	0.3216	     0
0.3340	  2090	0.3232	     0
0.3436	  2124	0.3249	     0
0.3531	  2208	0.3266	     0
0.3627	  2419	0.3282	     0
0.3723	  2494	0.3299	     0
0.3818	  2568	0.3315	     0
0.3914	  2705	0.3332	     0
0.4010	  2656	0.3349	     1
0.4105	  2551	0.3365	     0
0.4201	  2535	0.3382	     0
0.4297	  2545	0.3398	     1
0.4393	  2467	0.3415	     0
0.4488	  2651	0.3432	     0
0.4584	  2478	0.3448	     0
0.4680	  2528	0.3465	     0
0.4775	  2518	0.3481	     0
0.4871	  2480	0.3498	     1
0.4967	  2553	0.3515	     1
0.5063	  2485	0.3531	     0
0.5158	  2545	0.3548	     2
0.5254	  2636	0.3564	     0
0.5350	  2548	0.3581	     0
0.5445	  2484	0.3598	     0
0.5541	  2553	0.3614	     0
0.5637	  2462	0.3631	     2
0.5732	  2551	0.3647	     1
0.5828	  2580	0.3664	     2
0.5924	  2623	0.3681	     0
0.6020	  2607	0.3697	     1
0.6115	  2612	0.3714	     0
0.6211	  2516	0.3730	     0
0.6307	  2604	0.3747	     0
0.6402	  2725	0.3764	     1
0.6498	  2677	0.3780	     0
0.6594	  2672	0.3797	     1
0.6689	  2692	0.3813	     0
0.6785	  2712	0.3830	     0
0.6881	  2711	0.3847	     1
0.6977	  2687	0.3863	     0
0.7072	  2745	0.3880	     0
0.7168	  2726	0.3896	     0
0.7264	  2764	0.3913	     0
0.7359	  2682	0.3930	     0
0.7455	  2762	0.3946	     0
0.7551	  2800	0.3963	     1
0.7646	  2854	0.3979	     2
0.7742	  2808	0.3996	     0
0.7838	  2808	0.4013	     2
0.7934	  2792	0.4029	     1
0.8029	  2933	0.4046	     1
0.8125	  3025	0.4063	     1
0.8221	  3115	0.4079	     0
0.8316	  3170	0.4096	     0
0.8412	  3328	0.4112	     0
0.8508	  3286	0.4129	     1
0.8604	  3394	0.4146	     0
0.8699	  3423	0.4162	     1
0.8795	  3500	0.4179	     0
0.8891	  3495	0.4195	     0
0.8986	  3492	0.4212	     1
0.9082	  3437	0.4229	     0
0.9178	  3392	0.4245	     1
0.9273	  3294	0.4262	     0
0.9369	  3292	0.4278	     0
0.9465	  3224	0.4295	     0
0.9561	  3087	0.4312	     0
0.9656	  3188	0.4328	     0
0.9752	  3032	0.4345	     0
0.9848	  2988	0.4361	     0
0.9943	  3081	0.4378	     0
1.0039	  2926	0.4395	     0
1.0135	  3011	0.4411	     1
1.0230	  3028	0.4428	     0
1.0326	  2777	0.4444	     0
1.0422	  2961	0.4461	     0
1.0518	  2916	0.4478	     2
1.0613	  2950	0.4494	     0
1.0709	  2949	0.4511	     0
1.0805	  2841	0.4527	     0
1.0900	  2897	0.4544	     0
1.0996	  2804	0.4561	     0
1.1092	  2766	0.4577	     0
1.1188	  2826	0.4594	     0
1.1283	  2800	0.4610	     0
1.1379	  2721	0.4627	     1
1.1475	  2668	0.4644	     0
1.1570	  2636	0.4660	     1
1.1666	  2638	0.4677	     0
1.1762	  2639	0.4693	     0
1.1857	  2557	0.4710	     0
1.1953	  2529	0.4727	     0
1.2049	  2556	0.4743	     0
1.2145	  2473	0.4760	     0
1.2240	  2466	0.4776	     0
1.2336	  2477	0.4793	     1
1.2432	  2436	0.4810	     1
1.2527	  2490	0.4826	     1
1.2623	  2398	0.4843	     0
1.2719	  2407	0.4859	     0
1.2814	  2288	0.4876	     0
1.2910	  2308	0.4893	     0
1.3006	  2375	0.4909	     0
1.3102	  2349	0.4926	     0
1.3197	  2351	0.4942	     0
1.3293	  2241	0.4959	     1
1.3389	  2358	0.4976	     0
1.3484	  2347	0.4992	     0
1.3580	  2339	0.5009	     0
1.3676	  2329	0.5025	     0
1.3771	  2392	0.5042	     2
1.3867	  2322	0.5059	     0
1.3963	  2275	0.5075	     0
1.4059	  2305	0.5092	     0
1.4154	  2295	0.5108	     0
1.4250	  2372	0.5125	     0
1.4346	  2392	0.5142	     0
1.4441	  2320	0.5158	     0
1.4537	  2223	0.5175	     0
1.4633	  2268	0.5191	     0
1.4729	  2383	0.5208	     1
1.4824	  2299	0.5225	     0
1.4920	  2327	0.5241	     0
1.5016	  2230	0.5258	     0
1.5111	  2299	0.5274	     0
1.5207	  2285	0.5291	     0
1.5303	  2188	0.5308	     0
1.5398	  2201	0.5324	     0
1.5494	  2125	0.5341	     0
1.5590	  2072	0.5357	     0
1.5686	  2060	0.5374	     0
1.5781	  1979	0.5391	     0
1.5877	  2048	0.5407	     0
1.5973	  1915	0.5424	     1
1.6068	  1917	0.5440	     0
1.6164	  1776	0.5457	     0
1.6260	  1674	0.5474	     0
1.6355	  1723	0.5490	     0
1.6451	  1644	0.5507	     2
1.6547	  1697	0.5523	     1
1.6643	  1616	0.5540	     1
1.6738	  1503	0.5557	     0
1.6834	  1461	0.5573	     0
1.6930	  1509	0.5590	     1
1.7025	  1506	0.5606	     1
1.7121	  1576	0.5623	     0
1.7217	  1512	0.5640	     2
1.7313	  1435	0.5656	     0
1.7408	  1386	0.5673	     0
1.7504	  1444	0.5689	     0
1.7600	  1322	0.5706	     0
1.7695	  1340	0.5723	     0
1.7791	  1431	0.5739	     0
1.7887	  1361	0.5756	     1
1.7982	  1334	0.5772	     0
1.8078	  1331	0.5789	     0
1.8174	  1347	0.5806	     0
1.8270	  1356	0.5822	     0
1.8365	  1327	0.5839	     0
1.8461	  1324	0.5855	     2
1.8557	  1350	0.5872	     0
1.8652	  1281	0.5889	     0
1.8748	  1361	0.5905	     0
1.8844	  1337	0.5922	     1
1.8939	  1323	0.5938	     0
1.9035	  1252	0.5955	     0
1.9131	  1346	0.5972	     1
1.9227	  1348	0.5988	     2
1.9322	  1285	0.6005	     0
1.9418	  1269	0.6021	     0
1.9514	  1329	0.6038	     1
1.9609	  1405	0.6055	     1
1.9705	  1313	0.6071	     0
1.9801	  1354	0.6088	     0
1.9896	  1359	0.6104	     2
1.9992	  1387	0.6121	     1
2.0088	  1359	0.6138	     2
2.0184	  1367	0.6154	     1
2.0279	  1323	0.6171	     0
2.0375	  1471	0.6187	     3
2.0471	  1376	0.6204	     0
2.0566	  1471	0.6221	     1
2.0662	  1462	0.6237	     1
2.0758	  1444	0.6254	     0
2.0854	  1471	0.6271	     0
2.0949	  1462	0.6287	     0
2.1045	  1472	0.6304	     1
2.1141	  1520	0.6320	     0
2.1236	  1556	0.6337	     0
2.1332	  1561	0.6354	     1
2.1428	  1539	0.6370	     0
2.1523	  1535	0.6387	     1
2.1619	  1563	0.6403	     0
2.1715	  1570	0.6420	     1
2.1811	  1601	0.6437	     1
2.1906	  1650	0.6453	     0
2.2002	  1628	0.6470	     0
2.2098	  1661	0.6486	     0
2.2193	  1765	0.6503	     0
2.2289	  1823	0.6520	     0
2.2385	  1924	0.6536	     0
2.2480	  1970	0.6553	     0
2.2576	  2129	0.6569	     1
2.2672	  2231	0.6586	     0
2.2768	  2415	0.6603	     1
2.2863	  2697	0.6619	     0
2.2959	  2943	0.6636	     0
2.3055	  3273	0.6652	     0
2.3150	  3569	0.6669	     1
2.3246	  4106	0.6686	     0
2.3342	  4797	0.6702	     0
2.3438	  5393	0.6719	     0
2.3533	  6004	0.6735	     0
2.3629	  6817	0.6752	     1
2.3725	  7716	0.6769	     0
2.3820	  8811	0.6785	     1
2.3916	  9640	0.6802	     0
2.4012	 10791	0.6818	     1
2.4107	 11910	0.6835	     0
2.4203	 13017	0.6852	     0
2.4299	 13837	0.6868	     1
2.4395	 15159	0.6885	     0
2.4490	 16376	0.6901	     1
2.4586	 17124	0.6918	     0
2.4682	 17977	0.6935	     1
2.4777	 18631	0.6951	     0
2.4873	 19179	0.6968	     0
2.4969	 19219	0.6984	     0
2.5064	 19674	0.7001	     0
2.5160	 19057	0.7018	     0
2.5256	 19036	0.7034	     0
2.5352	 18444	0.7051	     0
2.5447	 17931	0.7067	     1
2.5543	 17113	0.7084	     1
2.5639	 15875	0.7101	     1
2.5734	 14663	0.7117	     1
2.5830	 13549	0.7134	     0
2.5926	 12272	0.7150	     0
2.6021	 10982	0.7167	     0
2.6117	  9740	0.7184	     0
2.6213	  8433	0.7200	     1
2.6309	  7326	0.7217	     0
2.6404	  6254	0.7233	     1
2.6500	  5317	0.7250	     0
2.6596	  4541	0.7267	     0
2.6691	  3695	0.7283	     0
2.6787	  3105	0.7300	     0
2.6883	  2531	0.7316	     0
2.6979	  2131	0.7333	     3
2.7074	  1848	0.7350	     0
2.7170	  1548	0.7366	     2
2.7266	  1334	0.7383	     0
2.7361	  1116	0.7399	     0
2.7457	   990	0.7416	     0
2.7553	   874	0.7433	     0
2.7648	   800	0.7449	     1
2.7744	   743	0.7466	     0
2.7840	   709	0.7482	     0
2.7936	   665	0.7499	     0
2.8031	   634	0.7516	     0
2.8127	   715	0.7532	     0
2.8223	   680	0.7549	     0
2.8318	   711	0.7565	     0
2.8414	   672	0.7582	     0
2.8510	   599	0.7599	     0
2.8605	   638	0.7615	     0
2.8701	   617	0.7632	     1
2.8797	   680	0.7648	     1
2.8893	   657	0.7665	     0
2.8988	   650	0.7682	     1
2.9084	   697	0.7698	     0
2.9180	   705	0.7715	     0
2.9275	   640	0.7731	     1
2.9371	   661	0.7748	     0
2.9467	   648	0.7765	     1
2.9563	   653	0.7781	     1
2.9658	   661	0.7798	     0
2.9754	   633	0.7814	     0
2.9850	   659	0.7831	     2
2.9945	   705	0.7848	     0
3.0041	   636	0.7864	     1
3.0137	   706	0.7881	     1
3.0232	   663	0.7897	     0
3.0328	   645	0.7914	     1
3.0424	   666	0.7931	     0
3.0520	   660	0.7947	     1
3.0615	   673	0.7964	     0
3.0711	   678	0.7980	     0
3.0807	   630	0.7997	     0
3.0902	   667	0.8014	     1
3.0998	   667	0.8030	     0
3.1094	   598	0.8047	     1
3.1189	   633	0.8063	     3
3.1285	   687	0.8080	     1
3.1381	   674	0.8097	     0
3.1477	   665	0.8113	     0
3.1572	   739	0.8130	     0
3.1668	   672	0.8146	     0
3.1764	   678	0.8163	     1
3.1859	   639	0.8180	     1
3.1955	   644	0.8196	     0
3.2051	   677	0.8213	     0
3.2146	   670	0.8229	     0
3.2242	   683	0.8246	     1
3.2338	   653	0.8263	     0
3.2434	   681	0.8279	     1
3.2529	   709	0.8296	     0
3.2625	   642	0.8313	     3
3.2721	   681	0.8329	     1
3.2816	   654	0.8346	     1
3.2912	   680	0.8362	     0
3.3008	   656	0.8379	     1
3.3104	   712	0.8396	     1
3.3199	   656	0.8412	     1
3.3295	   724	0.8429	     0
3.3391	   665	0.8445	     1
3.3486	   671	0.8462	     0
3.3582	   691	0.8479	     0
3.3678	   749	0.8495	     0
3.3773	   689	0.8512	     0
3.3869	   718	0.8528	     0
3.3965	   712	0.8545	     0
3.4061	   693	0.8562	     0
3.4156	   659	0.8578	     1
3.4252	   665	0.8595	     0
3.4348	   692	0.8611	     0
3.4443	   606	0.8628	     0
3.4539	   619	0.8645	     0
3.4635	   671	0.8661	     1
3.4730	   676	0.8678	     1
3.4826	   688	0.8694	     0
3.4922	   746	0.8711	     0
3.5018	   670	0.8728	     1
3.5113	   671	0.8744	     1
3.5209	   655	0.8761	     0
3.5305	   685	0.8777	     0
3.5400	   721	0.8794	     0
3.5496	   700	0.8811	     0
3.5592	   711	0.8827	     0
3.5688	   774	0.8844	     0
3.5783	   686	0.8860	     0
3.5879	   769	0.8877	     0
3.5975	   713	0.8894	     0
3.6070	   644	0.8910	     1
3.6166	   686	0.8927	     0
3.6262	   661	0.8943	     1
3.6357	   683	0.8960	     0
3.6453	   716	0.8977	     0
3.6549	   737	0.8993	     1
3.6645	   771	0.9010	     0
3.6740	   744	0.9026	     0
3.6836	   677	0.9043	     0
3.6932	   721	0.9060	     0
3.7027	   750	0.9076	     0
3.7123	   701	0.9093	     0
3.7219	   772	0.9109	     0
3.7314	   768	0.9126	     0
3.7410	   771	0.9143	     0
3.7506	   766	0.9159	     0
3.7602	   725	0.9176	     0
3.7697	   712	0.9192	     0
3.7793	   751	0.9209	     0
3.7889	   750	0.9226	     0
3.7984	   770	0.9242	     0
3.8080	   793	0.9259	     1
3.8176	   749	0.9275	     0
3.8271	   799	0.9292	     1
3.8367	   753	0.9309	     0
3.8463	   782	0.9325	     2
3.8559	   698	0.9342	     0
3.8654	   769	0.9358	     0
3.8750	   765	0.9375	     0
3.8846	   716	0.9392	     2
3.8941	   746	0.9408	     1
3.9037	   730	0.9425	     0
3.9133	   789	0.9441	     1
3.9229	   791	0.9458	     0
3.9324	   794	0.9475	     1
3.9420	   800	0.9491	     0
3.9516	   759	0.9508	     0
3.9611	   771	0.9524	     0
3.9707	   750	0.9541	     0
3.9803	   791	0.9558	     1
3.9898	   767	0.9574	     1
3.9994	   793	0.9591	     0
4.0090	   773	0.9607	     0
4.0186	   774	0.9624	     0
4.0281	   827	0.9641	     1
4.0377	   737	0.9657	     0
4.0473	   734	0.9674	     0
4.0568	   787	0.9690	     0
4.0664	   797	0.9707	     1
4.0760	   754	0.9724	     0
4.0855	   870	0.9740	     1
4.0951	   810	0.9757	     1
4.1047	   758	0.9773	     1
4.1143	   815	0.9790	     0
4.1238	   847	0.9807	     1
4.1334	   898	0.9823	     0
4.1430	   859	0.9840	     0
4.1525	   831	0.9856	     0
4.1621	   911	0.9873	     0
4.1717	   960	0.9890	     0
4.1813	   903	0.9906	     1
4.1908	   996	0.9923	     0
4.2004	  1009	0.9939	     0
4.2100	   954	0.9956	     0
4.2195	   972	0.9973	     0
4.2291	  1023	0.9989	     1
4.2387	  1020	1.0006	     1
4.2482	  1076	1.0022	     0
4.2578	  1092	1.0039	     0
4.2674	  1147	1.0056	     0
4.2770	  1201	1.0072	     0
4.2865	  1258	1.0089	     1
4.2961	  1310	1.0105	     0
4.3057	  1214	1.0122	     0
4.3152	  1267	1.0139	     0
4.3248	  1225	1.0155	     0
4.3344	  1281	1.0172	     0
4.3439	  1240	1.0188	     1
4.3535	  1177	1.0205	     0
4.3631	  1198	1.0222	     1
4.3727	  1170	1.0238	     1
4.3822	  1214	1.0255	     1
4.3918	  1159	1.0271	     1
4.4014	  1152	1.0288	     0
4.4109	  1175	1.0305	     0
4.4205	  1102	1.0321	     1
4.4301	  1160	1.0338	     0
4.4396	  1158	1.0354	     0
4.4492	  1166	1.0371	     0
4.4588	  1111	1.0388	     0
4.4684	  1198	1.0404	     0
4.4779	  1193	1.0421	     0
4.4875	  1189	1.0438	     0
4.4971	  1299	1.0454	     1
4.5066	  1293	1.0471	     1
4.5162	  1330	1.0487	     1
4.5258	  1329	1.0504	     1
4.5354	  1369	1.0521	     0
4.5449	  1382	1.0537	     1
4.5545	  1394	1.0554	     0
4.5641	  1514	1.0570	     0
4.5736	  1415	1.0587	     0
4.5832	  1349	1.0604	     0
4.5928	  1260	1.0620	     0
4.6023	  1255	1.0637	     0
4.6119	  1166	1.0653	     0
4.6215	  1166	1.0670	     0
4.6311	  1026	1.0687	     0
4.6406	   991	1.0703	     0
4.6502	   913	1.0720	     1
4.6598	   775	1.0736	     0
4.6693	   706	1.0753	     0
4.6789	   626	1.0770	     0
4.6885	   538	1.0786	     0
4.6980	   555	1.0803	     0
4.7076	   539	1.0819	     0
4.7172	   508	1.0836	     1
4.7268	   513	1.0853	     0
4.7363	   505	1.0869	     0
4.7459	   514	1.0886	     0
4.7555	   523	1.0902	     0
4.7650	   504	1.0919	     0
4.7746	   499	1.0936	     1
4.7842	   474	1.0952	     2
4.7938	   486	1.0969	     0
4.8033	   520	1.0985	     0
4.8129	   492	1.1002	     1
4.8225	   536	1.1019	     0
4.8320	   518	1.1035	     0
4.8416	   472	1.1052	     0
4.8512	   474	1.1068	     0
4.8607	   536	1.1085	     0
4.8703	   488	1.1102	     1
4.8799	   505	1.1118	     0
4.8895	   477	1.1135	     0
4.8990	   481	1.1151	     0
4.9086	   513	1.1168	     0
4.9182	   464	1.1185	     1
4.9277	   469	1.1201	     1
4.9373	   476	1.1218	     0
4.9469	   462	1.1234	     1
4.9564	   445	1.1251	     0
4.9660	   469	1.1268	     0
4.9756	   499	1.1284	     1
4.9852	   464	1.1301	     0
4.9947	   473	1.1317	     1
5.0043	   469	1.1334	     0
5.0139	   441	1.1351	     0
5.0234	   477	1.1367	     0
5.0330	   409	1.1384	     1
5.0426	   427	1.1400	     0
5.0521	   445	1.1417	     0
5.0617	   428	1.1434	     0
5.0713	   475	1.1450	     0
5.0809	   421	1.1467	     0
5.0904	   422	1.1483	     0
5.1000	   419	1.1500	     0
5.1096	   407	1.1517	     0
5.1191	   432	1.1533	     0
5.1287	   386	1.1550	     0
5.1383	   436	1.1566	     0
5.1479	   425	1.1583	     0
5.1574	   405	1.1600	     0
5.1670	   401	1.1616	     0
5.1766	   388	1.1633	     1
5.1861	   412	1.1649	     1
5.1957	   430	1.1666	     0
5.2053	   383	1.1683	     0
5.2148	   410	1.1699	     0
5.2244	   410	1.1716	     0
5.2340	   442	1.1732	     2
5.2436	   414	1.1749	     0
5.2531	   444	1.1766	     0
5.2627	   468	1.1782	     1
5.2723	   396	1.1799	     0
5.2818	   453	1.1815	     0
5.2914	   396	1.1832	     0
5.3010	   443	1.1849	     1
5.3105	   428	1.1865	     2
5.3201	   401	1.1882	     0
5.3297	   409	1.1898	     0
5.3393	   385	1.1915	     0
5.3488	   412	1.1932	     0
5.3584	   451	1.1948	     0
5.3680	   426	1.1965	     0
5.3775	   416	1.1981	     1
5.3871	   393	1.1998	     0
5.3967	   431	1.2015	     0
5.4063	   422	1.2031	     0
5.4158	   423	1.2048	     1
5.4254	   417	1.2064	     1
5.4350	   408	1.2081	     0
5.4445	   425	1.2098	     0
5.4541	   415	1.2114	     0
5.4637	   425	1.2131	     0
5.4732	   405	1.2147	     0
5.4828	   428	1.2164	     1
5.4924	   435	1.2181	     0
5.5020	   423	1.2197	     0
5.5115	   440	1.2214	     0
5.5211	   499	1.2230	     1
5.5307	   501	1.2247	     1
5.5402	   505	1.2264	     0
5.5498	   492	1.2280	     1
5.5594	   488	1.2297	     0
5.5689	   507	1.2313	     0
5.5785	   510	1.2330	     0
5.5881	   558	1.2347	     1
5.5977	   622	1.2363	     0
5.6072	   698	1.2380	     0
5.6168	   753	1.2396	     0
5.6264	   856	1.2413	     0
5.6359	   952	1.2430	     0
5.6455	  1115	1.2446	     1
5.6551	  1251	1.2463	     0
5.6646	  1467	1.2479	     0
5.6742	  1775	1.2496	     0
5.6838	  2021	1.2513	     0
5.6934	  2441	1.2529	     1
5.7029	  2791	1.2546	     1
5.7125	  3119	1.2562	     0
5.7221	  3621	1.2579	     1
5.7316	  4041	1.2596	     0
5.7412	  4668	1.2612	     0
5.7508	  5280	1.2629	     0
5.7604	  5968	1.2646	     0
5.7699	  6690	1.2662	     0
5.7795	  7546	1.2679	     0
5.7891	  8037	1.2695	     0
5.7986	  8455	1.2712	     1
5.8082	  8688	1.2729	     0
5.8178	  8654	1.2745	     1
5.8273	  8638	1.2762	     0
5.8369	  8397	1.2778	     0
5.8465	  8188	1.2795	     1
5.8561	  7641	1.2812	     0
5.8656	  7295	1.2828	     0
5.8752	  6769	1.2845	     0
5.8848	  6068	1.2861	     0
5.8943	  5594	1.2878	     2
5.9039	  4823	1.2895	     0
5.9135	  4256	1.2911	     0
5.9230	  3471	1.2928	     0
5.9326	  2859	1.2944	     1
5.9422	  2507	1.2961	     1
5.9518	  1949	1.2978	     0
5.9613	  1492	1.2994	     0
5.9709	  1215	1.3011	     1
5.9805	   907	1.3027	     0
5.9900	   673	1.3044	     1
5.9996	   536	1.3061	     0
6.0092	   418	1.3077	     0
6.0188	   351	1.3094	     0
6.0283	   222	1.3110	     0
6.0379	   183	1.3127	     0
6.0475	   143	1.3144	     1
6.0570	    95	1.3160	     0
6.0666	    74	1.3177	     0
6.0762	    79	1.3193	     0
6.0857	    77	1.3210	     0
6.0953	    69	1.3227	     1
6.1049	    53	1.3243	     0
6.1145	    66	1.3260	     0
6.1240	    73	1.3276	     0
6.1336	    68	1.3293	     0
6.1432	    75	1.3310	     0
6.1527	    88	1.3326	     0
6.1623	    71	1.3343	     0
6.1719	    93	1.3359	     1
6.1814	    77	1.3376	     0
6.1910	    66	1.3393	     0
6.2006	    57	1.3409	     0
6.2102	    73	1.3426	     0
6.2197	    64	1.3442	     0
6.2293	    49	1.3459	     0
6.2389	    43	1.3476	     1
6.2484	    43	1.3492	     0
6.2580	    53	1.3509	     0
6.2676	    59	1.3525	     0
6.2771	    42	1.3542	     0
6.2867	    34	1.3559	     1
6.2963	    37	1.3575	     1
6.3059	    35	1.3592	     0
6.3154	    41	1.3608	     0
6.3250	    41	1.3625	     0
6.3346	    24	1.3642	     0
6.3441	    34	1.3658	     0
6.3537	    29	1.3675	     0
6.3633	    40	1.3691	     0
6.3729	    30	1.3708	     1
6.3824	    27	1.3725	     1
6.3920	    33	1.3741	     0
6.4016	    15	1.3758	     0
6.4111	    25	1.3774	     0
6.4207	    33	1.3791	     0
6.4303	    23	1.3808	     0
6.4398	    31	1.3824	     0
6.4494	    30	1.3841	     0
6.4590	    31	1.3857	     0
6.4686	    25	1.3874	     0
6.4781	    30	1.3891	     0
6.4877	    27	1.3907	     0
6.4973	    29	1.3924	     1
6.5068	    31	1.3940	     1
6.5164	    42	1.3957	     0
6.5260	    37	1.3974	     1
6.5355	    48	1.3990	     0
6.5451	    55	1.4007	     0
6.5547	    51	1.4023	     0
6.5643	    60	1.4040	     0
6.5738	    41	1.4057	     1
6.5834	    48	1.4073	     0
6.5930	    74	1.4090	     0
6.6025	    53	1.4106	     1
6.6121	    46	1.4123	     0
6.6217	    51	1.4140	     1
6.6313	    45	1.4156	     0
6.6408	    49	1.4173	     0
6.6504	    43	1.4189	     0
6.6600	    51	1.4206	     0
6.6695	    36	1.4223	     0
6.6791	    53	1.4239	     1
6.6887	    46	1.4256	     0
6.6982	    54	1.4272	     0
6.7078	    55	1.4289	     1
6.7174	    59	1.4306	     0
6.7270	    59	1.4322	     0
6.7365	    61	1.4339	     1
6.7461	    56	1.4355	     0
6.7557	    72	1.4372	     1
6.7652	    36	1.4389	     0
6.7748	    47	1.4405	     1
6.7844	    48	1.4422	     0
6.7939	    52	1.4438	     0
6.8035	    35	1.4455	     1
6.8131	    37	1.4472	     0
6.8227	    35	1.4488	     1
6.8322	    31	1.4505	     0
6.8418	    24	1.4521	     0
6.8514	    33	1.4538	     0
6.8609	    33	1.4555	     2
6.8705	    17	1.4571	     2
6.8801	    16	1.4588	     0
6.8896	    22	1.4604	     0
6.8992	    20	1.4621	     1
6.9088	    14	1.4638	     0
6.9184	    17	1.4654	     0
6.9279	     8	1.4671	     0
6.9375	    14	1.4688	     0
6.9471	    21	1.4704	     0
6.9566	    11	1.4721	     0
6.9662	     9	1.4737	     1
6.9758	     5	1.4754	     0
6.9854	     8	1.4771	     0
6.9949	     8	1.4787	     1
7.0045	     7	1.4804	     0
7.0141	     9	1.4820	     0
7.0236	     8	1.4837	     1
7.0332	     8	1.4854	     0
7.0428	     2	1.4870	     0
7.0523	     5	1.4887	     1
7.0619	     9	1.4903	     0
7.0715	     9	1.4920	     1
7.0811	     6	1.4937	     0
7.0906	     7	1.4953	     0
7.1002	     4	1.4970	     2
7.1098	     5	1.4986	     0
7.1193	     6	1.5003	     0
7.1289	     6	1.5020	     0
7.1385	     5	1.5036	     0
7.1480	     3	1.5053	     0
7.1576	     4	1.5069	     0
7.1672	     8	1.5086	     0
7.1768	     6	1.5103	     0
7.1863	     4	1.5119	     1
7.1959	     3	1.5136	     0
7.2055	     2	1.5152	     0
7.2150	     4	1.5169	     0
7.2246	     4	1.5186	     2
7.2342	     5	1.5202	     0
7.2438	     3	1.5219	     0
7.2533	     2	1.5235	     0
7.2629	     4	1.5252	     2
7.2725	     4	1.5269	     0
7.2820	     2	1.5285	     0
7.2916	     3	1.5302	     0
7.3012	     5	1.5318	     1
7.3107	     3	1.5335	     0
7.3203	     3	1.5352	     0
7.3299	     6	1.5368	     0
7.3395	     4	1.5385	     0
7.3490	     7	1.5401	     0
7.3586	     9	1.5418	     0
7.3682	     3	1.5435	     0
7.3777	     3	1.5451	     0
7.3873	     3	1.5468	     0
7.3969	     4	1.5484	     0
7.4064	     6	1.5501	     1
7.4160	     3	1.5518	     0
7.4256	     4	1.5534	     0
7.4352	     8	1.5551	     1
7.4447	     4	1.5567	     0
7.4543	     5	1.5584	     1
7.4639	     4	1.5601	     0
7.4734	     6	1.5617	     0
7.4830	     3	1.5634	     0
7.4926	     6	1.5650	     0
7.5021	     2	1.5667	     0
7.5117	     3	1.5684	     0
7.5213	     3	1.5700	     0
7.5309	     1	1.5717	     0
7.5404	     4	1.5733	     0
7.5500	     7	1.5750	     0
7.5596	     0	1.5767	     0
7.5691	     3	1.5783	     0
7.5787	     3	1.5800	     0
7.5883	     0	1.5816	     1
7.5979	     0	1.5833	     0
7.6074	     1	1.5850	     0
7.6170	     2	1.5866	     0
7.6266	     1	1.5883	     0
7.6361	     1	1.5899	     0
7.6457	     0	1.5916	     0
7.6553	     0	1.5933	     0
7.6648	     0	1.5949	     0
7.6744	     0	1.5966	     0
7.6840	     0	1.5982	     0
7.6936	     0	1.5999	     0
7.7031	     0	1.6016	     0
7.7127	     0	1.6032	     0
7.7223	     0	1.6049	     0
7.7318	     0	1.6065	     0
7.7414	     0	1.6082	     0
7.7510	     0	1.6099	     1
7.7605	     0	1.6115	     0
7.7701	     0	1.6132	     1
7.7797	     0	1.6148	     0
7.7893	     2	1.6165	     0
7.7988	     0	1.6182	     0
7.8084	     0	1.6198	     0
7.8180	     1	1.6215	     1
7.8275	     1	1.6231	     1
7.8371	     0	1.6248	     0
7.8467	     0	1.6265	     0
7.8563	     0	1.6281	     0
7.8658	     0	1.6298	     0
7.8754	     0	1.6314	     1
7.8850	     0	1.6331	     0
7.8945	     0	1.6348	     0
7.9041	     0	1.6364	     0
7.9137	     0	1.6381	     0
7.9232	     0	1.6397	     0
7.9328	     0	1.6414	     0
7.9424	     0	1.6431	     1
7.9520	     1	1.6447	     0
7.9615	     0	1.6464	     0
7.9711	     0	1.6480	     0
7.9807	     0	1.6497	     0
7.9902	     0	1.6514	     0
7.9998	     1	1.6530	     0
8.0094	     0	1.6547	     0
8.0189	     0	1.6563	     0
8.0285	     0	1.6580	     0
8.0381	     0	1.6597	     0
8.0477	     0	1.6613	     0
8.0572	     0	1.6630	     0
8.0668	     0	1.6646	     0
8.0764	     0	1.6663	     1
8.0859	     0	1.6680	     1
8.0955	     0	1.6696	     0
8.1051	     0	1.6713	     0
8.1146	     0	1.6729	     0
8.1242	     0	1.6746	     0
8.1338	     0	1.6763	     0
8.1434	     0	1.6779	     0
8.1529	     0	1.6796	     0
8.1625	     0	1.6812	     0
8.1721	     0	1.6829	     0
8.1816	     0	1.6846	     0
8.1912	     0	1.6862	     0
8.2008	     0	1.6879	     2
8.2104	     0	1.6896	     0
8.2199	     0	1.6912	     0
8.2295	     0	1.6929	     1
8.2391	     0	1.6945	     0
8.2486	     0	1.6962	     1
8.2582	     0	1.6979	     0
8.2678	     0	1.6995	     0
8.2773	     0	1.7012	     0
8.2869	     0	1.7028	     0
8.2965	     0	1.7045	     0
8.3061	     0	1.7062	     0
8.3156	     0	1.7078	     0
8.3252	     0	1.7095	     0
8.3348	     0	1.7111	     0
8.3443	     0	1.7128	     0
8.3539	     0	1.7145	     0
8.3635	     0	1.7161	     0
8.3730	     0	1.7178	     0
8.3826	     0	1.7194	     0
8.3922	     0	1.7211	     0
8.4018	     0	1.7228	     2
8.4113	     0	1.7244	     0
8.4209	     0	1.7261	     0
8.4305	     0	1.7277	     0
8.4400	     0	1.7294	     0
8.4496	     0	1.7311	     0
8.4592	     1	1.7327	     0
8.4688	     0	1.7344	     1
8.4783	     0	1.7360	     0
8.4879	     0	1.7377	     0
8.4975	     0	1.7394	     1
8.5070	     0	1.7410	     0
8.5166	     0	1.7427	     0
8.5262	     0	1.7443	     0
8.5357	     0	1.7460	     0
8.5453	     0	1.7477	     1
8.5549	     0	1.7493	     0
8.5645	     0	1.7510	     0
8.5740	     0	1.7526	     0
8.5836	     0	1.7543	     1
8.5932	     0	1.7560	     0
8.6027	     0	1.7576	     0
8.6123	     0	1.7593	     1
8.6219	     0	1.7609	     0
8.6314	     0	1.7626	     1
8.6410	     0	1.7643	     0
8.6506	     0	1.7659	     0
8.6602	     0	1.7676	     1
8.6697	     0	1.7692	     0
8.6793	     0	1.7709	     0
8.6889	     0	1.7726	     0
8.6984	     0	1.7742	     0
8.7080	     0	1.7759	     0
8.7176	     0	1.7775	     0
8.7271	     0	1.7792	     0
8.7367	     0	1.7809	     1
8.7463	     0	1.7825	     1
8.7559	     0	1.7842	     0
8.7654	     0	1.7858	     0
8.7750	     0	1.7875	     0
8.7846	     0	1.7892	     0
8.7941	     0	1.7908	     0
8.8037	     0	1.7925	     0
8.8133	     0	1.7941	     0
8.8229	     0	1.7958	     0
8.8324	     0	1.7975	     1
8.8420	     0	1.7991	     0
8.8516	     0	1.8008	     0
8.8611	     0	1.8024	     0
8.8707	     0	1.8041	     0
8.8803	     0	1.8058	     1
8.8898	     0	1.8074	     0
8.8994	     0	1.8091	     0
8.9090	     0	1.8107	     0
8.9186	     0	1.8124	     0
8.9281	     0	1.8141	     1
8.9377	     0	1.8157	     0
8.9473	     0	1.8174	     0
8.9568	     0	1.8190	     0
8.9664	     0	1.8207	     0
8.9760	     0	1.8224	     0
8.9855	     0	1.8240	     1
8.9951	     0	1.8257	     0
9.0047	     0	1.8273	     1
9.0143	     0	1.8290	     0
9.0238	     0	1.8307	     0
9.0334	     0	1.8323	     0
9.0430	     0	1.8340	     0
9.0525	     0	1.8356	     0
9.0621	     0	1.8373	     0
9.0717	     0	1.8390	     0
9.0813	     0	1.8406	     3
9.0908	     0	1.8423	     0
9.1004	     0	1.8439	     0
9.1100	     0	1.8456	     0
9.1195	     0	1.8473	     0
9.1291	     0	1.8489	     0
9.1387	     0	1.8506	     0
9.1482	     0	1.8522	     0
9.1578	     0	1.8539	     0
9.1674	     0	1.8556	     0
9.1770	     0	1.8572	     0
9.1865	     0	1.8589	     0
9.1961	     0	1.8605	     0
9.2057	     0	1.8622	     1
9.2152	     0	1.8639	     1
9.2248	     0	1.8655	     0
9.2344	     0	1.8672	     1
9.2439	     0	1.8688	     0
9.2535	     0	1.8705	     1
9.2631	     0	1.8722	     1
9.2727	     0	1.8738	     0
9.2822	     0	1.8755	     0
9.2918	     0	1.8771	     0
9.3014	     0	1.8788	     0
9.3109	     0	1.8805	     0
9.3205	     0	1.8821	     0
9.3301	     0	1.8838	     0
9.3396	     0	1.8854	     0
9.3492	     0	1.8871	     1
9.3588	     0	1.8888	     0
9.3684	     0	1.8904	     0
9.3779	     0	1.8921	     0
9.3875	     0	1.8938	     0
9.3971	     0	1.8954	     0
9.4066	     0	1.8971	     0
9.4162	     0	1.8987	     0
9.4258	     0	1.9004	     1
9.4354	     0	1.9021	     0
9.4449	     0	1.9037	     0
9.4545	     0	1.9054	     0
9.4641	     0	1.9070	     0
9.4736	     0	1.9087	     0
9.4832	     0	1.9104	     0
9.4928	     0	1.9120	     0
9.5023	     0	1.9137	     0
9.5119	     0	1.9153	     0
9.5215	     0	1.9170	     0
9.5311	     0	1.9187	     0
9.5406	     0	1.9203	     0
9.5502	     0	1.9220	     0
9.5598	     0	1.9236	     1
9.5693	     0	1.9253	     0
9.5789	     0	1.9270	     0
9.5885	     0	1.9286	     2
9.5980	     0	1.9303	     0
9.6076	     0	1.9319	     2
9.6172	     0	1.9336	     0
9.6268	     0	1.9353	     0
9.6363	     0	1.9369	     0
9.6459	     0	1.9386	     0
9.6555	     0	1.9402	     0
9.6650	     0	1.9419	     0
9.6746	     0	1.9436	     0
9.6842	     0	1.9452	     1
9.6937	     0	1.9469	     1
9.7033	     0	1.9485	     0
9.7129	     0	1.9502	     0
9.7225	     0	1.9519	     0
9.7320	     0	1.9535	     0
9.7416	     0	1.9552	     0
9.7512	     0	1.9568	     0
9.7607	     0	1.9585	     0
9.7703	     0	1.9602	     0
9.7799	     0	1.9618	     0
9.7895	     0	1.9635	     0
9.7990	     0	1.9651	     0
9.8086	     0	1.9668	     0
9.8182	     0	1.9685	     0
9.8277	     0	1.9701	     1
9.8373	     0	1.9718	     0
9.8469	     0	1.9734	     0
9.8564	     0	1.9751	     0
9.8660	     0	1.9768	     0
9.8756	     0	1.9784	     0
9.8852	     0	1.9801	     0
9.8947	     0	1.9817	     0
9.9043	     0	1.9834	     0
9.9139	     0	1.9851	     0
9.9234	     0	1.9867	     1
9.9330	     0	1.9884	     0
9.9426	     0	1.9900	     0
9.9521	     0	1.9917	     0
9.9617	     0	1.9934	     0
9.9713	     0	1.9950	     0
9.9809	     0	1.9967	     0
9.9904	     0	1.9983	     0
