02/07/2019 13:49:03
LT: 180.51

0.2000	  2722	0.3000	     0
0.2096	  2442	0.3017	     0
0.2191	  2197	0.3033	     0
0.2287	  2007	0.3050	     0
0.2383	  1895	0.3066	     0
0.2479	  1758	0.3083	     0
0.2574	  1777	0.3100	     0
0.2670	  1758	0.3116	     0
0.2766	  1717	0.3133	     0
0.2861	  1805	0.3149	     0
0.2957	  1887	0.3166	     0
0.3053	  1986	0.3183	     0
0.3148	  1978	0.3199	     0
0.3244	  1891	0.3216	     0
0.3340	  2072	0.3232	     0
0.3436	  2051	0.3249	     0
0.3531	  2155	0.3266	     0
0.3627	  2251	0.3282	     0
0.3723	  2467	0.3299	     0
0.3818	  2645	0.3315	     0
0.3914	  2633	0.3332	     0
0.4010	  2646	0.3349	     1
0.4105	  2564	0.3365	     0
0.4201	  2468	0.3382	     0
0.4297	  2510	0.3398	     1
0.4393	  2485	0.3415	     2
0.4488	  2432	0.3432	     1
0.4584	  2399	0.3448	     0
0.4680	  2386	0.3465	     0
0.4775	  2291	0.3481	     1
0.4871	  2292	0.3498	     0
0.4967	  2242	0.3515	     0
0.5063	  2314	0.3531	     0
0.5158	  2227	0.3548	     0
0.5254	  2329	0.3564	     1
0.5350	  2360	0.3581	     1
0.5445	  2310	0.3598	     0
0.5541	  2277	0.3614	     0
0.5637	  2355	0.3631	     0
0.5732	  2335	0.3647	     0
0.5828	  2247	0.3664	     2
0.5924	  2390	0.3681	     1
0.6020	  2407	0.3697	     1
0.6115	  2370	0.3714	     1
0.6211	  2300	0.3730	     0
0.6307	  2331	0.3747	     0
0.6402	  2374	0.3764	     2
0.6498	  2348	0.3780	     0
0.6594	  2307	0.3797	     0
0.6689	  2451	0.3813	     0
0.6785	  2335	0.3830	     0
0.6881	  2331	0.3847	     0
0.6977	  2358	0.3863	     0
0.7072	  2449	0.3880	     0
0.7168	  2355	0.3896	     2
0.7264	  2408	0.3913	     1
0.7359	  2322	0.3930	     1
0.7455	  2376	0.3946	     0
0.7551	  2365	0.3963	     1
0.7646	  2412	0.3979	     0
0.7742	  2459	0.3996	     0
0.7838	  2401	0.4013	     1
0.7934	  2385	0.4029	     0
0.8029	  2466	0.4046	     0
0.8125	  2341	0.4063	     0
0.8221	  2461	0.4079	     0
0.8316	  2542	0.4096	     0
0.8412	  2643	0.4112	     0
0.8508	  2576	0.4129	     0
0.8604	  2711	0.4146	     1
0.8699	  2679	0.4162	     1
0.8795	  2655	0.4179	     2
0.8891	  2695	0.4195	     0
0.8986	  2668	0.4212	     0
0.9082	  2649	0.4229	     0
0.9178	  2596	0.4245	     1
0.9273	  2629	0.4262	     1
0.9369	  2611	0.4278	     0
0.9465	  2426	0.4295	     0
0.9561	  2488	0.4312	     0
0.9656	  2414	0.4328	     0
0.9752	  2406	0.4345	     0
0.9848	  2417	0.4361	     1
0.9943	  2416	0.4378	     0
1.0039	  2383	0.4395	     0
1.0135	  2429	0.4411	     0
1.0230	  2396	0.4428	     0
1.0326	  2355	0.4444	     0
1.0422	  2481	0.4461	     0
1.0518	  2337	0.4478	     1
1.0613	  2392	0.4494	     0
1.0709	  2467	0.4511	     1
1.0805	  2388	0.4527	     1
1.0900	  2354	0.4544	     0
1.0996	  2323	0.4561	     0
1.1092	  2351	0.4577	     0
1.1188	  2380	0.4594	     0
1.1283	  2340	0.4610	     0
1.1379	  2374	0.4627	     0
1.1475	  2314	0.4644	     0
1.1570	  2265	0.4660	     0
1.1666	  2257	0.4677	     0
1.1762	  2257	0.4693	     0
1.1857	  2185	0.4710	     0
1.1953	  2055	0.4727	     1
1.2049	  2158	0.4743	     0
1.2145	  2156	0.4760	     1
1.2240	  2174	0.4776	     0
1.2336	  2126	0.4793	     0
1.2432	  2093	0.4810	     2
1.2527	  2073	0.4826	     3
1.2623	  2050	0.4843	     0
1.2719	  2090	0.4859	     0
1.2814	  2085	0.4876	     0
1.2910	  2000	0.4893	     1
1.3006	  2013	0.4909	     1
1.3102	  2061	0.4926	     1
1.3197	  2148	0.4942	     1
1.3293	  1969	0.4959	     1
1.3389	  2038	0.4976	     0
1.3484	  2099	0.4992	     0
1.3580	  2013	0.5009	     1
1.3676	  1933	0.5025	     2
1.3771	  1990	0.5042	     0
1.3867	  2026	0.5059	     0
1.3963	  2074	0.5075	     0
1.4059	  2016	0.5092	     0
1.4154	  2099	0.5108	     0
1.4250	  2137	0.5125	     1
1.4346	  2083	0.5142	     0
1.4441	  2082	0.5158	     0
1.4537	  2037	0.5175	     0
1.4633	  2056	0.5191	     1
1.4729	  2039	0.5208	     0
1.4824	  2020	0.5225	     2
1.4920	  2035	0.5241	     0
1.5016	  2035	0.5258	     0
1.5111	  1965	0.5274	     0
1.5207	  2040	0.5291	     1
1.5303	  1948	0.5308	     0
1.5398	  1963	0.5324	     0
1.5494	  1926	0.5341	     0
1.5590	  1914	0.5357	     1
1.5686	  1904	0.5374	     2
1.5781	  1867	0.5391	     0
1.5877	  1740	0.5407	     0
1.5973	  1753	0.5424	     1
1.6068	  1642	0.5440	     0
1.6164	  1633	0.5457	     0
1.6260	  1593	0.5474	     0
1.6355	  1522	0.5490	     0
1.6451	  1482	0.5507	     0
1.6547	  1459	0.5523	     0
1.6643	  1410	0.5540	     0
1.6738	  1434	0.5557	     0
1.6834	  1440	0.5573	     1
1.6930	  1336	0.5590	     0
1.7025	  1409	0.5606	     0
1.7121	  1299	0.5623	     1
1.7217	  1285	0.5640	     0
1.7313	  1335	0.5656	     0
1.7408	  1328	0.5673	     0
1.7504	  1274	0.5689	     0
1.7600	  1204	0.5706	     0
1.7695	  1283	0.5723	     0
1.7791	  1248	0.5739	     0
1.7887	  1203	0.5756	     0
1.7982	  1242	0.5772	     0
1.8078	  1221	0.5789	     1
1.8174	  1235	0.5806	     1
1.8270	  1183	0.5822	     1
1.8365	  1261	0.5839	     0
1.8461	  1204	0.5855	     1
1.8557	  1187	0.5872	     1
1.8652	  1228	0.5889	     0
1.8748	  1243	0.5905	     0
1.8844	  1233	0.5922	     0
1.8939	  1215	0.5938	     1
1.9035	  1173	0.5955	     2
1.9131	  1172	0.5972	     2
1.9227	  1175	0.5988	     0
1.9322	  1183	0.6005	     0
1.9418	  1202	0.6021	     0
1.9514	  1221	0.6038	     0
1.9609	  1257	0.6055	     1
1.9705	  1210	0.6071	     0
1.9801	  1243	0.6088	     0
1.9896	  1268	0.6104	     1
1.9992	  1264	0.6121	     0
2.0088	  1285	0.6138	     1
2.0184	  1328	0.6154	     2
2.0279	  1235	0.6171	     0
2.0375	  1267	0.6187	     0
2.0471	  1363	0.6204	     0
2.0566	  1379	0.6221	     2
2.0662	  1279	0.6237	     0
2.0758	  1339	0.6254	     0
2.0854	  1290	0.6271	     1
2.0949	  1397	0.6287	     0
2.1045	  1358	0.6304	     1
2.1141	  1325	0.6320	     0
2.1236	  1374	0.6337	     0
2.1332	  1401	0.6354	     0
2.1428	  1370	0.6370	     1
2.1523	  1461	0.6387	     0
2.1619	  1388	0.6403	     0
2.1715	  1476	0.6420	     0
2.1811	  1437	0.6437	     0
2.1906	  1483	0.6453	     0
2.2002	  1535	0.6470	     1
2.2098	  1561	0.6486	     0
2.2193	  1586	0.6503	     0
2.2289	  1652	0.6520	     1
2.2385	  1796	0.6536	     0
2.2480	  1792	0.6553	     0
2.2576	  1852	0.6569	     0
2.2672	  1969	0.6586	     0
2.2768	  2242	0.6603	     0
2.2863	  2404	0.6619	     0
2.2959	  2629	0.6636	     0
2.3055	  3000	0.6652	     0
2.3150	  3359	0.6669	     2
2.3246	  3697	0.6686	     0
2.3342	  4422	0.6702	     1
2.3438	  4844	0.6719	     0
2.3533	  5414	0.6735	     3
2.3629	  6117	0.6752	     2
2.3725	  7022	0.6769	     0
2.3820	  7895	0.6785	     2
2.3916	  8751	0.6802	     0
2.4012	  9853	0.6818	     0
2.4107	 10893	0.6835	     1
2.4203	 11853	0.6852	     0
2.4299	 12904	0.6868	     1
2.4395	 13667	0.6885	     0
2.4490	 15200	0.6901	     0
2.4586	 15855	0.6918	     0
2.4682	 16523	0.6935	     0
2.4777	 17162	0.6951	     0
2.4873	 17980	0.6968	     1
2.4969	 18121	0.6984	     0
2.5064	 18069	0.7001	     1
2.5160	 17936	0.7018	     1
2.5256	 17692	0.7034	     0
2.5352	 17490	0.7051	     0
2.5447	 16521	0.7067	     0
2.5543	 15960	0.7084	     1
2.5639	 14947	0.7101	     0
2.5734	 13719	0.7117	     0
2.5830	 12833	0.7134	     0
2.5926	 11528	0.7150	     0
2.6021	 10355	0.7167	     0
2.6117	  9104	0.7184	     0
2.6213	  8126	0.7200	     0
2.6309	  7043	0.7217	     0
2.6404	  5987	0.7233	     0
2.6500	  5174	0.7250	     0
2.6596	  4396	0.7267	     1
2.6691	  3684	0.7283	     1
2.6787	  3109	0.7300	     0
2.6883	  2554	0.7316	     0
2.6979	  2110	0.7333	     1
2.7074	  1804	0.7350	     0
2.7170	  1470	0.7366	     0
2.7266	  1339	0.7383	     0
2.7361	  1150	0.7399	     0
2.7457	   995	0.7416	     0
2.7553	   877	0.7433	     2
2.7648	   804	0.7449	     1
2.7744	   769	0.7466	     0
2.7840	   725	0.7482	     1
2.7936	   681	0.7499	     2
2.8031	   716	0.7516	     0
2.8127	   723	0.7532	     1
2.8223	   670	0.7549	     0
2.8318	   674	0.7565	     0
2.8414	   696	0.7582	     0
2.8510	   645	0.7599	     1
2.8605	   671	0.7615	     1
2.8701	   683	0.7632	     0
2.8797	   605	0.7648	     0
2.8893	   644	0.7665	     1
2.8988	   622	0.7682	     0
2.9084	   654	0.7698	     0
2.9180	   702	0.7715	     0
2.9275	   680	0.7731	     0
2.9371	   657	0.7748	     2
2.9467	   611	0.7765	     0
2.9563	   693	0.7781	     0
2.9658	   596	0.7798	     0
2.9754	   644	0.7814	     0
2.9850	   643	0.7831	     0
2.9945	   641	0.7848	     1
3.0041	   662	0.7864	     0
3.0137	   644	0.7881	     0
3.0232	   670	0.7897	     0
3.0328	   704	0.7914	     0
3.0424	   682	0.7931	     0
3.0520	   689	0.7947	     1
3.0615	   709	0.7964	     1
3.0711	   662	0.7980	     1
3.0807	   668	0.7997	     0
3.0902	   665	0.8014	     0
3.0998	   665	0.8030	     0
3.1094	   627	0.8047	     1
3.1189	   683	0.8063	     0
3.1285	   705	0.8080	     0
3.1381	   695	0.8097	     0
3.1477	   635	0.8113	     0
3.1572	   655	0.8130	     0
3.1668	   682	0.8146	     0
3.1764	   632	0.8163	     0
3.1859	   672	0.8180	     0
3.1955	   637	0.8196	     1
3.2051	   700	0.8213	     0
3.2146	   646	0.8229	     1
3.2242	   651	0.8246	     1
3.2338	   642	0.8263	     1
3.2434	   681	0.8279	     0
3.2529	   645	0.8296	     1
3.2625	   677	0.8313	     0
3.2721	   714	0.8329	     0
3.2816	   660	0.8346	     0
3.2912	   683	0.8362	     0
3.3008	   612	0.8379	     0
3.3104	   703	0.8396	     0
3.3199	   650	0.8412	     0
3.3295	   698	0.8429	     1
3.3391	   674	0.8445	     0
3.3486	   703	0.8462	     0
3.3582	   703	0.8479	     1
3.3678	   686	0.8495	     0
3.3773	   640	0.8512	     0
3.3869	   673	0.8528	     0
3.3965	   659	0.8545	     1
3.4061	   635	0.8562	     1
3.4156	   682	0.8578	     1
3.4252	   729	0.8595	     0
3.4348	   689	0.8611	     0
3.4443	   650	0.8628	     0
3.4539	   697	0.8645	     0
3.4635	   655	0.8661	     0
3.4730	   703	0.8678	     0
3.4826	   679	0.8694	     1
3.4922	   698	0.8711	     0
3.5018	   653	0.8728	     0
3.5113	   715	0.8744	     0
3.5209	   697	0.8761	     3
3.5305	   710	0.8777	     0
3.5400	   717	0.8794	     0
3.5496	   719	0.8811	     0
3.5592	   639	0.8827	     0
3.5688	   741	0.8844	     0
3.5783	   648	0.8860	     0
3.5879	   722	0.8877	     0
3.5975	   681	0.8894	     0
3.6070	   684	0.8910	     2
3.6166	   736	0.8927	     0
3.6262	   770	0.8943	     1
3.6357	   709	0.8960	     0
3.6453	   702	0.8977	     0
3.6549	   707	0.8993	     1
3.6645	   722	0.9010	     1
3.6740	   725	0.9026	     0
3.6836	   728	0.9043	     0
3.6932	   735	0.9060	     0
3.7027	   728	0.9076	     0
3.7123	   726	0.9093	     1
3.7219	   764	0.9109	     0
3.7314	   722	0.9126	     1
3.7410	   720	0.9143	     1
3.7506	   715	0.9159	     0
3.7602	   764	0.9176	     1
3.7697	   761	0.9192	     0
3.7793	   779	0.9209	     2
3.7889	   740	0.9226	     1
3.7984	   783	0.9242	     0
3.8080	   771	0.9259	     0
3.8176	   739	0.9275	     0
3.8271	   755	0.9292	     0
3.8367	   779	0.9309	     1
3.8463	   748	0.9325	     0
3.8559	   751	0.9342	     0
3.8654	   799	0.9358	     0
3.8750	   747	0.9375	     0
3.8846	   772	0.9392	     0
3.8941	   742	0.9408	     0
3.9037	   785	0.9425	     1
3.9133	   724	0.9441	     0
3.9229	   748	0.9458	     0
3.9324	   762	0.9475	     0
3.9420	   776	0.9491	     0
3.9516	   853	0.9508	     0
3.9611	   792	0.9524	     0
3.9707	   789	0.9541	     0
3.9803	   779	0.9558	     1
3.9898	   760	0.9574	     1
3.9994	   748	0.9591	     0
4.0090	   808	0.9607	     1
4.0186	   757	0.9624	     0
4.0281	   808	0.9641	     0
4.0377	   854	0.9657	     0
4.0473	   793	0.9674	     0
4.0568	   735	0.9690	     0
4.0664	   752	0.9707	     0
4.0760	   740	0.9724	     0
4.0855	   794	0.9740	     0
4.0951	   789	0.9757	     0
4.1047	   777	0.9773	     0
4.1143	   834	0.9790	     0
4.1238	   890	0.9807	     0
4.1334	   809	0.9823	     0
4.1430	   874	0.9840	     0
4.1525	   821	0.9856	     0
4.1621	   882	0.9873	     1
4.1717	   960	0.9890	     0
4.1813	   970	0.9906	     0
4.1908	   974	0.9923	     0
4.2004	   947	0.9939	     0
4.2100	  1001	0.9956	     0
4.2195	   968	0.9973	     0
4.2291	  1085	0.9989	     0
4.2387	  1045	1.0006	     0
4.2482	  1036	1.0022	     0
4.2578	  1190	1.0039	     0
4.2674	  1156	1.0056	     0
4.2770	  1247	1.0072	     0
4.2865	  1249	1.0089	     0
4.2961	  1236	1.0105	     0
4.3057	  1253	1.0122	     1
4.3152	  1375	1.0139	     0
4.3248	  1325	1.0155	     0
4.3344	  1280	1.0172	     1
4.3439	  1339	1.0188	     0
4.3535	  1267	1.0205	     0
4.3631	  1186	1.0222	     0
4.3727	  1211	1.0238	     1
4.3822	  1144	1.0255	     0
4.3918	  1160	1.0271	     0
4.4014	  1152	1.0288	     0
4.4109	  1184	1.0305	     1
4.4205	  1090	1.0321	     0
4.4301	  1146	1.0338	     0
4.4396	  1131	1.0354	     0
4.4492	  1131	1.0371	     0
4.4588	  1188	1.0388	     1
4.4684	  1181	1.0404	     1
4.4779	  1248	1.0421	     0
4.4875	  1223	1.0438	     0
4.4971	  1272	1.0454	     0
4.5066	  1329	1.0471	     0
4.5162	  1279	1.0487	     2
4.5258	  1290	1.0504	     0
4.5354	  1413	1.0521	     0
4.5449	  1436	1.0537	     0
4.5545	  1480	1.0554	     1
4.5641	  1425	1.0570	     0
4.5736	  1467	1.0587	     0
4.5832	  1396	1.0604	     0
4.5928	  1381	1.0620	     0
4.6023	  1323	1.0637	     0
4.6119	  1326	1.0653	     0
4.6215	  1292	1.0670	     0
4.6311	  1247	1.0687	     1
4.6406	  1120	1.0703	     1
4.6502	   961	1.0720	     0
4.6598	   836	1.0736	     0
4.6693	   666	1.0753	     0
4.6789	   605	1.0770	     0
4.6885	   589	1.0786	     1
4.6980	   545	1.0803	     0
4.7076	   498	1.0819	     0
4.7172	   541	1.0836	     1
4.7268	   513	1.0853	     0
4.7363	   538	1.0869	     0
4.7459	   522	1.0886	     0
4.7555	   528	1.0902	     0
4.7650	   500	1.0919	     0
4.7746	   505	1.0936	     1
4.7842	   507	1.0952	     0
4.7938	   523	1.0969	     0
4.8033	   501	1.0985	     0
4.8129	   510	1.1002	     0
4.8225	   492	1.1019	     0
4.8320	   495	1.1035	     0
4.8416	   510	1.1052	     0
4.8512	   476	1.1068	     0
4.8607	   458	1.1085	     1
4.8703	   464	1.1102	     0
4.8799	   493	1.1118	     0
4.8895	   509	1.1135	     0
4.8990	   438	1.1151	     0
4.9086	   409	1.1168	     0
4.9182	   437	1.1185	     1
4.9277	   432	1.1201	     0
4.9373	   509	1.1218	     0
4.9469	   512	1.1234	     0
4.9564	   460	1.1251	     0
4.9660	   457	1.1268	     0
4.9756	   497	1.1284	     1
4.9852	   431	1.1301	     0
4.9947	   468	1.1317	     0
5.0043	   452	1.1334	     0
5.0139	   431	1.1351	     1
5.0234	   436	1.1367	     0
5.0330	   463	1.1384	     1
5.0426	   442	1.1400	     0
5.0521	   435	1.1417	     0
5.0617	   430	1.1434	     0
5.0713	   422	1.1450	     1
5.0809	   403	1.1467	     0
5.0904	   417	1.1483	     0
5.1000	   414	1.1500	     0
5.1096	   382	1.1517	     0
5.1191	   406	1.1533	     0
5.1287	   426	1.1550	     0
5.1383	   396	1.1566	     0
5.1479	   403	1.1583	     0
5.1574	   406	1.1600	     0
5.1670	   363	1.1616	     0
5.1766	   382	1.1633	     0
5.1861	   413	1.1649	     0
5.1957	   441	1.1666	     0
5.2053	   435	1.1683	     0
5.2148	   406	1.1699	     1
5.2244	   449	1.1716	     1
5.2340	   432	1.1732	     0
5.2436	   437	1.1749	     0
5.2531	   433	1.1766	     0
5.2627	   418	1.1782	     1
5.2723	   406	1.1799	     0
5.2818	   412	1.1815	     0
5.2914	   412	1.1832	     1
5.3010	   407	1.1849	     1
5.3105	   450	1.1865	     0
5.3201	   417	1.1882	     0
5.3297	   385	1.1898	     0
5.3393	   394	1.1915	     1
5.3488	   375	1.1932	     0
5.3584	   424	1.1948	     0
5.3680	   380	1.1965	     1
5.3775	   400	1.1981	     0
5.3871	   410	1.1998	     1
5.3967	   407	1.2015	     0
5.4063	   417	1.2031	     0
5.4158	   412	1.2048	     0
5.4254	   401	1.2064	     0
5.4350	   417	1.2081	     0
5.4445	   425	1.2098	     0
5.4541	   414	1.2114	     0
5.4637	   390	1.2131	     0
5.4732	   409	1.2147	     0
5.4828	   432	1.2164	     0
5.4924	   412	1.2181	     0
5.5020	   426	1.2197	     0
5.5115	   461	1.2214	     0
5.5211	   483	1.2230	     1
5.5307	   435	1.2247	     0
5.5402	   491	1.2264	     1
5.5498	   509	1.2280	     0
5.5594	   501	1.2297	     0
5.5689	   508	1.2313	     0
5.5785	   518	1.2330	     0
5.5881	   567	1.2347	     0
5.5977	   620	1.2363	     2
5.6072	   752	1.2380	     0
5.6168	   751	1.2396	     0
5.6264	   877	1.2413	     0
5.6359	   984	1.2430	     0
5.6455	  1121	1.2446	     0
5.6551	  1274	1.2463	     0
5.6646	  1568	1.2479	     0
5.6742	  1808	1.2496	     0
5.6838	  2218	1.2513	     0
5.6934	  2495	1.2529	     0
5.7029	  2889	1.2546	     0
5.7125	  3316	1.2562	     0
5.7221	  3772	1.2579	     0
5.7316	  4123	1.2596	     0
5.7412	  4783	1.2612	     0
5.7508	  5393	1.2629	     0
5.7604	  5930	1.2646	     0
5.7699	  6701	1.2662	     0
5.7795	  7673	1.2679	     0
5.7891	  8162	1.2695	     0
5.7986	  8521	1.2712	     0
5.8082	  8765	1.2729	     0
5.8178	  8670	1.2745	     0
5.8273	  8607	1.2762	     0
5.8369	  8559	1.2778	     0
5.8465	  8190	1.2795	     0
5.8561	  7846	1.2812	     0
5.8656	  7503	1.2828	     0
5.8752	  6808	1.2845	     0
5.8848	  6229	1.2861	     0
5.8943	  5459	1.2878	     0
5.9039	  4673	1.2895	     0
5.9135	  4054	1.2911	     0
5.9230	  3481	1.2928	     0
5.9326	  2889	1.2944	     0
5.9422	  2374	1.2961	     0
5.9518	  1861	1.2978	     1
5.9613	  1511	1.2994	     1
5.9709	  1139	1.3011	     0
5.9805	   894	1.3027	     0
5.9900	   613	1.3044	     1
5.9996	   533	1.3061	     0
6.0092	   373	1.3077	     0
6.0188	   269	1.3094	     0
6.0283	   207	1.3110	     0
6.0379	   156	1.3127	     0
6.0475	   107	1.3144	     0
6.0570	    94	1.3160	     0
6.0666	    78	1.3177	     0
6.0762	    56	1.3193	     1
6.0857	    78	1.3210	     0
6.0953	    74	1.3227	     0
6.1049	    72	1.3243	     0
6.1145	    57	1.3260	     0
6.1240	    72	1.3276	     1
6.1336	    71	1.3293	     0
6.1432	    66	1.3310	     1
6.1527	    73	1.3326	     1
6.1623	    85	1.3343	     0
6.1719	    79	1.3359	     0
6.1814	    76	1.3376	     0
6.1910	    66	1.3393	     0
6.2006	    71	1.3409	     0
6.2102	    44	1.3426	     1
6.2197	    77	1.3442	     0
6.2293	    49	1.3459	     0
6.2389	    44	1.3476	     0
6.2484	    48	1.3492	     1
6.2580	    42	1.3509	     1
6.2676	    45	1.3525	     0
6.2771	    39	1.3542	     0
6.2867	    44	1.3559	     0
6.2963	    35	1.3575	     0
6.3059	    32	1.3592	     0
6.3154	    34	1.3608	     0
6.3250	    31	1.3625	     0
6.3346	    22	1.3642	     0
6.3441	    32	1.3658	     0
6.3537	    31	1.3675	     0
6.3633	    46	1.3691	     1
6.3729	    23	1.3708	     2
6.3824	    30	1.3725	     0
6.3920	    19	1.3741	     0
6.4016	    23	1.3758	     0
6.4111	    31	1.3774	     1
6.4207	    33	1.3791	     1
6.4303	    33	1.3808	     0
6.4398	    29	1.3824	     0
6.4494	    30	1.3841	     0
6.4590	    21	1.3857	     0
6.4686	    28	1.3874	     0
6.4781	    28	1.3891	     1
6.4877	    19	1.3907	     0
6.4973	    42	1.3924	     0
6.5068	    40	1.3940	     1
6.5164	    64	1.3957	     0
6.5260	    51	1.3974	     0
6.5355	    47	1.3990	     0
6.5451	    45	1.4007	     1
6.5547	    52	1.4023	     0
6.5643	    47	1.4040	     0
6.5738	    43	1.4057	     0
6.5834	    49	1.4073	     0
6.5930	    52	1.4090	     0
6.6025	    52	1.4106	     0
6.6121	    52	1.4123	     0
6.6217	    53	1.4140	     0
6.6313	    45	1.4156	     0
6.6408	    45	1.4173	     0
6.6504	    45	1.4189	     0
6.6600	    42	1.4206	     1
6.6695	    46	1.4223	     0
6.6791	    54	1.4239	     0
6.6887	    45	1.4256	     0
6.6982	    48	1.4272	     0
6.7078	    48	1.4289	     0
6.7174	    55	1.4306	     0
6.7270	    61	1.4322	     0
6.7365	    48	1.4339	     0
6.7461	    50	1.4355	     0
6.7557	    48	1.4372	     0
6.7652	    61	1.4389	     0
6.7748	    45	1.4405	     1
6.7844	    39	1.4422	     0
6.7939	    34	1.4438	     0
6.8035	    42	1.4455	     0
6.8131	    30	1.4472	     0
6.8227	    33	1.4488	     0
6.8322	    35	1.4505	     0
6.8418	    28	1.4521	     0
6.8514	    25	1.4538	     0
6.8609	    22	1.4555	     0
6.8705	    26	1.4571	     0
6.8801	    20	1.4588	     0
6.8896	    15	1.4604	     0
6.8992	    25	1.4621	     1
6.9088	    16	1.4638	     0
6.9184	    23	1.4654	     0
6.9279	    12	1.4671	     0
6.9375	    10	1.4688	     0
6.9471	    12	1.4704	     0
6.9566	    10	1.4721	     0
6.9662	     6	1.4737	     1
6.9758	     7	1.4754	     1
6.9854	     9	1.4771	     1
6.9949	     7	1.4787	     0
7.0045	     8	1.4804	     0
7.0141	    13	1.4820	     0
7.0236	     6	1.4837	     0
7.0332	     4	1.4854	     0
7.0428	     3	1.4870	     0
7.0523	     7	1.4887	     0
7.0619	     9	1.4903	     0
7.0715	     4	1.4920	     1
7.0811	     5	1.4937	     0
7.0906	     7	1.4953	     0
7.1002	    11	1.4970	     0
7.1098	     5	1.4986	     1
7.1193	     6	1.5003	     1
7.1289	     5	1.5020	     1
7.1385	     7	1.5036	     0
7.1480	     6	1.5053	     1
7.1576	     5	1.5069	     1
7.1672	     5	1.5086	     0
7.1768	     4	1.5103	     1
7.1863	     4	1.5119	     0
7.1959	     1	1.5136	     0
7.2055	     3	1.5152	     1
7.2150	     3	1.5169	     0
7.2246	     6	1.5186	     0
7.2342	     5	1.5202	     0
7.2438	     1	1.5219	     0
7.2533	     8	1.5235	     0
7.2629	     3	1.5252	     0
7.2725	     7	1.5269	     1
7.2820	     3	1.5285	     0
7.2916	     7	1.5302	     0
7.3012	     1	1.5318	     0
7.3107	     4	1.5335	     0
7.3203	     7	1.5352	     0
7.3299	     3	1.5368	     0
7.3395	     5	1.5385	     0
7.3490	     3	1.5401	     0
7.3586	     3	1.5418	     0
7.3682	     3	1.5435	     0
7.3777	     5	1.5451	     0
7.3873	     1	1.5468	     0
7.3969	     6	1.5484	     0
7.4064	     4	1.5501	     1
7.4160	     6	1.5518	     0
7.4256	     9	1.5534	     0
7.4352	     4	1.5551	     0
7.4447	     7	1.5567	     0
7.4543	     7	1.5584	     0
7.4639	     9	1.5601	     0
7.4734	     2	1.5617	     0
7.4830	     3	1.5634	     0
7.4926	     3	1.5650	     0
7.5021	     6	1.5667	     0
7.5117	     5	1.5684	     0
7.5213	     1	1.5700	     0
7.5309	     6	1.5717	     0
7.5404	     1	1.5733	     0
7.5500	     7	1.5750	     0
7.5596	     0	1.5767	     0
7.5691	     3	1.5783	     0
7.5787	     0	1.5800	     1
7.5883	     0	1.5816	     0
7.5979	     0	1.5833	     0
7.6074	     0	1.5850	     0
7.6170	     2	1.5866	     0
7.6266	     1	1.5883	     0
7.6361	     0	1.5899	     0
7.6457	     2	1.5916	     0
7.6553	     0	1.5933	     0
7.6648	     0	1.5949	     0
7.6744	     0	1.5966	     0
7.6840	     0	1.5982	     0
7.6936	     0	1.5999	     1
7.7031	     0	1.6016	     0
7.7127	     0	1.6032	     0
7.7223	     0	1.6049	     0
7.7318	     0	1.6065	     0
7.7414	     0	1.6082	     0
7.7510	     0	1.6099	     0
7.7605	     0	1.6115	     0
7.7701	     0	1.6132	     0
7.7797	     0	1.6148	     1
7.7893	     0	1.6165	     0
7.7988	     0	1.6182	     0
7.8084	     0	1.6198	     0
7.8180	     0	1.6215	     1
7.8275	     0	1.6231	     0
7.8371	     1	1.6248	     0
7.8467	     0	1.6265	     1
7.8563	     0	1.6281	     0
7.8658	     0	1.6298	     0
7.8754	     0	1.6314	     0
7.8850	     0	1.6331	     0
7.8945	     0	1.6348	     0
7.9041	     0	1.6364	     0
7.9137	     0	1.6381	     0
7.9232	     0	1.6397	     0
7.9328	     0	1.6414	     1
7.9424	     0	1.6431	     0
7.9520	     0	1.6447	     0
7.9615	     0	1.6464	     1
7.9711	     0	1.6480	     0
7.9807	     1	1.6497	     1
7.9902	     0	1.6514	     0
7.9998	     0	1.6530	     0
8.0094	     0	1.6547	     0
8.0189	     0	1.6563	     0
8.0285	     0	1.6580	     0
8.0381	     0	1.6597	     0
8.0477	     0	1.6613	     0
8.0572	     0	1.6630	     0
8.0668	     0	1.6646	     0
8.0764	     0	1.6663	     0
8.0859	     0	1.6680	     0
8.0955	     0	1.6696	     0
8.1051	     0	1.6713	     0
8.1146	     0	1.6729	     0
8.1242	     0	1.6746	     0
8.1338	     0	1.6763	     0
8.1434	     0	1.6779	     0
8.1529	     0	1.6796	     0
8.1625	     0	1.6812	     2
8.1721	     0	1.6829	     0
8.1816	     0	1.6846	     1
8.1912	     0	1.6862	     0
8.2008	     0	1.6879	     0
8.2104	     0	1.6896	     0
8.2199	     0	1.6912	     1
8.2295	     0	1.6929	     0
8.2391	     0	1.6945	     0
8.2486	     0	1.6962	     1
8.2582	     0	1.6979	     0
8.2678	     0	1.6995	     0
8.2773	     0	1.7012	     0
8.2869	     0	1.7028	     0
8.2965	     0	1.7045	     0
8.3061	     0	1.7062	     0
8.3156	     0	1.7078	     0
8.3252	     0	1.7095	     0
8.3348	     0	1.7111	     1
8.3443	     0	1.7128	     0
8.3539	     0	1.7145	     0
8.3635	     0	1.7161	     0
8.3730	     0	1.7178	     0
8.3826	     0	1.7194	     0
8.3922	     0	1.7211	     0
8.4018	     0	1.7228	     0
8.4113	     0	1.7244	     0
8.4209	     0	1.7261	     0
8.4305	     0	1.7277	     1
8.4400	     0	1.7294	     0
8.4496	     0	1.7311	     0
8.4592	     0	1.7327	     0
8.4688	     0	1.7344	     0
8.4783	     0	1.7360	     0
8.4879	     0	1.7377	     1
8.4975	     0	1.7394	     0
8.5070	     0	1.7410	     0
8.5166	     0	1.7427	     1
8.5262	     0	1.7443	     1
8.5357	     0	1.7460	     0
8.5453	     0	1.7477	     0
8.5549	     0	1.7493	     0
8.5645	     0	1.7510	     0
8.5740	     0	1.7526	     0
8.5836	     0	1.7543	     0
8.5932	     0	1.7560	     0
8.6027	     0	1.7576	     0
8.6123	     0	1.7593	     0
8.6219	     0	1.7609	     0
8.6314	     0	1.7626	     0
8.6410	     0	1.7643	     0
8.6506	     0	1.7659	     0
8.6602	     0	1.7676	     0
8.6697	     0	1.7692	     0
8.6793	     0	1.7709	     0
8.6889	     0	1.7726	     0
8.6984	     0	1.7742	     0
8.7080	     0	1.7759	     0
8.7176	     0	1.7775	     0
8.7271	     0	1.7792	     0
8.7367	     0	1.7809	     1
8.7463	     0	1.7825	     0
8.7559	     0	1.7842	     0
8.7654	     0	1.7858	     0
8.7750	     0	1.7875	     0
8.7846	     0	1.7892	     0
8.7941	     0	1.7908	     1
8.8037	     0	1.7925	     0
8.8133	     0	1.7941	     0
8.8229	     0	1.7958	     2
8.8324	     0	1.7975	     0
8.8420	     0	1.7991	     0
8.8516	     0	1.8008	     0
8.8611	     0	1.8024	     0
8.8707	     0	1.8041	     0
8.8803	     0	1.8058	     0
8.8898	     0	1.8074	     1
8.8994	     0	1.8091	     0
8.9090	     0	1.8107	     0
8.9186	     0	1.8124	     0
8.9281	     0	1.8141	     1
8.9377	     0	1.8157	     0
8.9473	     0	1.8174	     0
8.9568	     0	1.8190	     0
8.9664	     0	1.8207	     0
8.9760	     0	1.8224	     0
8.9855	     0	1.8240	     0
8.9951	     0	1.8257	     0
9.0047	     0	1.8273	     1
9.0143	     0	1.8290	     1
9.0238	     0	1.8307	     0
9.0334	     0	1.8323	     0
9.0430	     0	1.8340	     1
9.0525	     0	1.8356	     0
9.0621	     0	1.8373	     0
9.0717	     0	1.8390	     0
9.0813	     0	1.8406	     1
9.0908	     0	1.8423	     0
9.1004	     0	1.8439	     0
9.1100	     0	1.8456	     0
9.1195	     0	1.8473	     0
9.1291	     0	1.8489	     0
9.1387	     0	1.8506	     0
9.1482	     0	1.8522	     0
9.1578	     0	1.8539	     0
9.1674	     0	1.8556	     1
9.1770	     0	1.8572	     0
9.1865	     0	1.8589	     1
9.1961	     0	1.8605	     1
9.2057	     0	1.8622	     0
9.2152	     0	1.8639	     0
9.2248	     0	1.8655	     0
9.2344	     0	1.8672	     0
9.2439	     0	1.8688	     0
9.2535	     0	1.8705	     0
9.2631	     0	1.8722	     0
9.2727	     0	1.8738	     1
9.2822	     0	1.8755	     0
9.2918	     0	1.8771	     0
9.3014	     0	1.8788	     0
9.3109	     0	1.8805	     0
9.3205	     0	1.8821	     1
9.3301	     0	1.8838	     0
9.3396	     0	1.8854	     1
9.3492	     0	1.8871	     0
9.3588	     0	1.8888	     1
9.3684	     0	1.8904	     1
9.3779	     0	1.8921	     0
9.3875	     0	1.8938	     0
9.3971	     0	1.8954	     0
9.4066	     0	1.8971	     0
9.4162	     0	1.8987	     0
9.4258	     0	1.9004	     0
9.4354	     0	1.9021	     0
9.4449	     0	1.9037	     1
9.4545	     0	1.9054	     0
9.4641	     0	1.9070	     0
9.4736	     0	1.9087	     0
9.4832	     0	1.9104	     0
9.4928	     0	1.9120	     0
9.5023	     0	1.9137	     0
9.5119	     0	1.9153	     0
9.5215	     0	1.9170	     1
9.5311	     0	1.9187	     1
9.5406	     0	1.9203	     0
9.5502	     0	1.9220	     0
9.5598	     0	1.9236	     1
9.5693	     0	1.9253	     0
9.5789	     0	1.9270	     1
9.5885	     0	1.9286	     0
9.5980	     0	1.9303	     0
9.6076	     0	1.9319	     0
9.6172	     0	1.9336	     0
9.6268	     0	1.9353	     0
9.6363	     0	1.9369	     0
9.6459	     0	1.9386	     1
9.6555	     0	1.9402	     1
9.6650	     0	1.9419	     0
9.6746	     0	1.9436	     0
9.6842	     0	1.9452	     0
9.6937	     0	1.9469	     0
9.7033	     0	1.9485	     0
9.7129	     0	1.9502	     0
9.7225	     0	1.9519	     0
9.7320	     0	1.9535	     0
9.7416	     0	1.9552	     1
9.7512	     0	1.9568	     1
9.7607	     0	1.9585	     0
9.7703	     0	1.9602	     0
9.7799	     0	1.9618	     0
9.7895	     0	1.9635	     0
9.7990	     0	1.9651	     0
9.8086	     0	1.9668	     0
9.8182	     0	1.9685	     0
9.8277	     0	1.9701	     1
9.8373	     0	1.9718	     0
9.8469	     0	1.9734	     0
9.8564	     0	1.9751	     0
9.8660	     0	1.9768	     0
9.8756	     0	1.9784	     0
9.8852	     0	1.9801	     1
9.8947	     0	1.9817	     0
9.9043	     0	1.9834	     0
9.9139	     0	1.9851	     1
9.9234	     0	1.9867	     0
9.9330	     0	1.9884	     1
9.9426	     0	1.9900	     0
9.9521	     0	1.9917	     0
9.9617	     0	1.9934	     0
9.9713	     0	1.9950	     0
9.9809	     0	1.9967	     0
9.9904	     0	1.9983	     1
