0.2000	  2834	0.3000	     0
0.2096	  2555	0.3017	     0
0.2191	  2066	0.3033	     0
0.2287	  1722	0.3050	     0
0.2383	  1320	0.3066	     0
0.2479	   991	0.3083	     0
0.2574	   759	0.3100	     0
0.2670	   622	0.3116	     0
0.2766	   437	0.3133	     0
0.2861	   404	0.3149	     0
0.2957	   377	0.3166	     0
0.3053	   434	0.3183	     0
0.3148	   398	0.3199	     0
0.3244	   398	0.3216	     0
0.3340	   437	0.3232	     0
0.3436	   433	0.3249	     0
0.3531	   457	0.3266	     0
0.3627	   468	0.3282	     0
0.3723	   454	0.3299	     0
0.3818	   496	0.3315	     0
0.3914	   447	0.3332	     0
0.4010	   504	0.3349	     0
0.4105	   527	0.3365	     0
0.4201	   565	0.3382	     0
0.4297	   594	0.3398	     0
0.4393	   585	0.3415	     0
0.4488	   609	0.3432	     0
0.4584	   614	0.3448	     1
0.4680	   622	0.3465	     0
0.4775	   674	0.3481	     0
0.4871	   664	0.3498	     0
0.4967	   767	0.3515	     0
0.5063	   723	0.3531	     0
0.5158	   759	0.3548	     0
0.5254	   780	0.3564	     0
0.5350	   767	0.3581	     1
0.5445	   772	0.3598	     0
0.5541	   750	0.3614	     0
0.5637	   755	0.3631	     0
0.5732	   701	0.3647	     0
0.5828	   625	0.3664	     0
0.5924	   688	0.3681	     1
0.6020	   650	0.3697	     0
0.6115	   659	0.3714	     0
0.6211	   610	0.3730	     0
0.6307	   609	0.3747	     0
0.6402	   638	0.3764	     0
0.6498	   603	0.3780	     0
0.6594	   620	0.3797	     0
0.6689	   573	0.3813	     0
0.6785	   579	0.3830	     0
0.6881	   584	0.3847	     0
0.6977	   583	0.3863	     1
0.7072	   608	0.3880	     0
0.7168	   556	0.3896	     0
0.7264	   585	0.3913	     0
0.7359	   623	0.3930	     0
0.7455	   609	0.3946	     0
0.7551	   599	0.3963	     1
0.7646	   550	0.3979	     0
0.7742	   517	0.3996	     0
0.7838	   578	0.4013	     0
0.7934	   544	0.4029	     1
0.8029	   586	0.4046	     0
0.8125	   548	0.4063	     0
0.8221	   554	0.4079	     0
0.8316	   543	0.4096	     0
0.8412	   561	0.4112	     0
0.8508	   544	0.4129	     1
0.8604	   555	0.4146	     0
0.8699	   555	0.4162	     0
0.8795	   560	0.4179	     0
0.8891	   524	0.4195	     0
0.8986	   505	0.4212	     0
0.9082	   528	0.4229	     0
0.9178	   486	0.4245	     0
0.9273	   462	0.4262	     0
0.9369	   499	0.4278	     0
0.9465	   504	0.4295	     0
0.9561	   541	0.4312	     0
0.9656	   526	0.4328	     0
0.9752	   528	0.4345	     0
0.9848	   521	0.4361	     0
0.9943	   482	0.4378	     1
1.0039	   481	0.4395	     0
1.0135	   480	0.4411	     1
1.0230	   465	0.4428	     0
1.0326	   443	0.4444	     0
1.0422	   488	0.4461	     0
1.0518	   446	0.4478	     0
1.0613	   493	0.4494	     0
1.0709	   468	0.4511	     0
1.0805	   438	0.4527	     0
1.0900	   456	0.4544	     0
1.0996	   447	0.4561	     0
1.1092	   465	0.4577	     0
1.1188	   464	0.4594	     0
1.1283	   432	0.4610	     0
1.1379	   455	0.4627	     0
1.1475	   434	0.4644	     0
1.1570	   424	0.4660	     0
1.1666	   461	0.4677	     0
1.1762	   409	0.4693	     0
1.1857	   413	0.4710	     0
1.1953	   490	0.4727	     0
1.2049	   457	0.4743	     0
1.2145	   423	0.4760	     0
1.2240	   464	0.4776	     0
1.2336	   440	0.4793	     0
1.2432	   502	0.4810	     1
1.2527	   489	0.4826	     0
1.2623	   457	0.4843	     0
1.2719	   498	0.4859	     0
1.2814	   470	0.4876	     0
1.2910	   461	0.4893	     0
1.3006	   511	0.4909	     0
1.3102	   489	0.4926	     0
1.3197	   445	0.4942	     1
1.3293	   485	0.4959	     0
1.3389	   479	0.4976	     0
1.3484	   489	0.4992	     1
1.3580	   467	0.5009	     0
1.3676	   460	0.5025	     0
1.3771	   449	0.5042	     1
1.3867	   449	0.5059	     0
1.3963	   434	0.5075	     0
1.4059	   451	0.5092	     0
1.4154	   398	0.5108	     0
1.4250	   425	0.5125	     0
1.4346	   401	0.5142	     0
1.4441	   437	0.5158	     0
1.4537	   388	0.5175	     0
1.4633	   377	0.5191	     0
1.4729	   377	0.5208	     0
1.4824	   405	0.5225	     0
1.4920	   380	0.5241	     0
1.5016	   364	0.5258	     0
1.5111	   349	0.5274	     0
1.5207	   375	0.5291	     1
1.5303	   325	0.5308	     0
1.5398	   338	0.5324	     0
1.5494	   352	0.5341	     0
1.5590	   353	0.5357	     0
1.5686	   349	0.5374	     0
1.5781	   379	0.5391	     0
1.5877	   337	0.5407	     0
1.5973	   331	0.5424	     0
1.6068	   323	0.5440	     0
1.6164	   316	0.5457	     0
1.6260	   323	0.5474	     0
1.6355	   297	0.5490	     0
1.6451	   379	0.5507	     0
1.6547	   299	0.5523	     0
1.6643	   312	0.5540	     0
1.6738	   304	0.5557	     0
1.6834	   298	0.5573	     0
1.6930	   271	0.5590	     0
1.7025	   295	0.5606	     0
1.7121	   297	0.5623	     1
1.7217	   281	0.5640	     1
1.7313	   277	0.5656	     0
1.7408	   248	0.5673	     0
1.7504	   315	0.5689	     0
1.7600	   272	0.5706	     0
1.7695	   259	0.5723	     0
1.7791	   289	0.5739	     0
1.7887	   288	0.5756	     0
1.7982	   270	0.5772	     0
1.8078	   252	0.5789	     0
1.8174	   260	0.5806	     0
1.8270	   306	0.5822	     0
1.8365	   269	0.5839	     1
1.8461	   261	0.5855	     0
1.8557	   261	0.5872	     0
1.8652	   262	0.5889	     0
1.8748	   275	0.5905	     0
1.8844	   257	0.5922	     0
1.8939	   269	0.5938	     0
1.9035	   267	0.5955	     0
1.9131	   268	0.5972	     0
1.9227	   289	0.5988	     0
1.9322	   260	0.6005	     0
1.9418	   266	0.6021	     2
1.9514	   262	0.6038	     0
1.9609	   264	0.6055	     0
1.9705	   241	0.6071	     0
1.9801	   274	0.6088	     0
1.9896	   252	0.6104	     1
1.9992	   258	0.6121	     0
2.0088	   275	0.6138	     0
2.0184	   241	0.6154	     0
2.0279	   241	0.6171	     0
2.0375	   254	0.6187	     0
2.0471	   208	0.6204	     0
2.0566	   237	0.6221	     0
2.0662	   255	0.6237	     0
2.0758	   238	0.6254	     0
2.0854	   224	0.6271	     0
2.0949	   255	0.6287	     0
2.1045	   223	0.6304	     0
2.1141	   252	0.6320	     0
2.1236	   224	0.6337	     0
2.1332	   248	0.6354	     0
2.1428	   229	0.6370	     0
2.1523	   209	0.6387	     0
2.1619	   253	0.6403	     0
2.1715	   238	0.6420	     0
2.1811	   243	0.6437	     0
2.1906	   224	0.6453	     1
2.2002	   208	0.6470	     0
2.2098	   239	0.6486	     0
2.2193	   246	0.6503	     0
2.2289	   263	0.6520	     0
2.2385	   233	0.6536	     0
2.2480	   212	0.6553	     0
2.2576	   259	0.6569	     0
2.2672	   232	0.6586	     0
2.2768	   232	0.6603	     0
2.2863	   235	0.6619	     0
2.2959	   270	0.6636	     0
2.3055	   222	0.6652	     0
2.3150	   227	0.6669	     0
2.3246	   247	0.6686	     0
2.3342	   230	0.6702	     0
2.3438	   219	0.6719	     0
2.3533	   206	0.6735	     0
2.3629	   196	0.6752	     0
2.3725	   225	0.6769	     0
2.3820	   215	0.6785	     0
2.3916	   196	0.6802	     0
2.4012	   238	0.6818	     0
2.4107	   204	0.6835	     1
2.4203	   215	0.6852	     0
2.4299	   214	0.6868	     0
2.4395	   214	0.6885	     0
2.4490	   203	0.6901	     0
2.4586	   210	0.6918	     0
2.4682	   227	0.6935	     0
2.4777	   199	0.6951	     0
2.4873	   238	0.6968	     0
2.4969	   222	0.6984	     0
2.5064	   236	0.7001	     0
2.5160	   207	0.7018	     0
2.5256	   228	0.7034	     0
2.5352	   219	0.7051	     0
2.5447	   233	0.7067	     0
2.5543	   222	0.7084	     0
2.5639	   212	0.7101	     0
2.5734	   219	0.7117	     0
2.5830	   217	0.7134	     0
2.5926	   210	0.7150	     0
2.6021	   216	0.7167	     0
2.6117	   206	0.7184	     0
2.6213	   227	0.7200	     0
2.6309	   208	0.7217	     0
2.6404	   210	0.7233	     0
2.6500	   211	0.7250	     0
2.6596	   221	0.7267	     0
2.6691	   175	0.7283	     0
2.6787	   205	0.7300	     0
2.6883	   204	0.7316	     0
2.6979	   203	0.7333	     0
2.7074	   206	0.7350	     0
2.7170	   200	0.7366	     0
2.7266	   231	0.7383	     0
2.7361	   208	0.7399	     0
2.7457	   203	0.7416	     0
2.7553	   215	0.7433	     0
2.7648	   198	0.7449	     0
2.7744	   199	0.7466	     0
2.7840	   208	0.7482	     0
2.7936	   198	0.7499	     0
2.8031	   217	0.7516	     0
2.8127	   203	0.7532	     0
2.8223	   180	0.7549	     0
2.8318	   196	0.7565	     0
2.8414	   212	0.7582	     0
2.8510	   230	0.7599	     0
2.8605	   211	0.7615	     0
2.8701	   205	0.7632	     0
2.8797	   210	0.7648	     0
2.8893	   207	0.7665	     0
2.8988	   208	0.7682	     0
2.9084	   203	0.7698	     0
2.9180	   206	0.7715	     0
2.9275	   204	0.7731	     0
2.9371	   200	0.7748	     0
2.9467	   210	0.7765	     0
2.9563	   208	0.7781	     0
2.9658	   215	0.7798	     0
2.9754	   220	0.7814	     0
2.9850	   199	0.7831	     0
2.9945	   206	0.7848	     0
3.0041	   213	0.7864	     0
3.0137	   233	0.7881	     0
3.0232	   216	0.7897	     0
3.0328	   199	0.7914	     0
3.0424	   206	0.7931	     0
3.0520	   183	0.7947	     0
3.0615	   209	0.7964	     0
3.0711	   202	0.7980	     0
3.0807	   204	0.7997	     1
3.0902	   186	0.8014	     0
3.0998	   187	0.8030	     0
3.1094	   214	0.8047	     0
3.1189	   210	0.8063	     0
3.1285	   234	0.8080	     0
3.1381	   213	0.8097	     0
3.1477	   189	0.8113	     0
3.1572	   210	0.8130	     0
3.1668	   210	0.8146	     0
3.1764	   198	0.8163	     0
3.1859	   216	0.8180	     0
3.1955	   209	0.8196	     0
3.2051	   225	0.8213	     0
3.2146	   215	0.8229	     0
3.2242	   201	0.8246	     0
3.2338	   201	0.8263	     0
3.2434	   198	0.8279	     0
3.2529	   210	0.8296	     0
3.2625	   235	0.8313	     0
3.2721	   212	0.8329	     0
3.2816	   234	0.8346	     0
3.2912	   212	0.8362	     0
3.3008	   198	0.8379	     0
3.3104	   226	0.8396	     0
3.3199	   226	0.8412	     0
3.3295	   223	0.8429	     0
3.3391	   222	0.8445	     0
3.3486	   228	0.8462	     0
3.3582	   249	0.8479	     1
3.3678	   216	0.8495	     0
3.3773	   197	0.8512	     0
3.3869	   229	0.8528	     0
3.3965	   221	0.8545	     0
3.4061	   226	0.8562	     0
3.4156	   226	0.8578	     0
3.4252	   237	0.8595	     0
3.4348	   234	0.8611	     0
3.4443	   223	0.8628	     0
3.4539	   209	0.8645	     0
3.4635	   217	0.8661	     0
3.4730	   207	0.8678	     0
3.4826	   208	0.8694	     0
3.4922	   239	0.8711	     0
3.5018	   229	0.8728	     0
3.5113	   241	0.8744	     0
3.5209	   227	0.8761	     0
3.5305	   200	0.8777	     0
3.5400	   230	0.8794	     0
3.5496	   212	0.8811	     0
3.5592	   235	0.8827	     0
3.5688	   244	0.8844	     0
3.5783	   222	0.8860	     0
3.5879	   230	0.8877	     0
3.5975	   238	0.8894	     0
3.6070	   277	0.8910	     0
3.6166	   234	0.8927	     0
3.6262	   236	0.8943	     0
3.6357	   243	0.8960	     0
3.6453	   256	0.8977	     0
3.6549	   246	0.8993	     0
3.6645	   241	0.9010	     0
3.6740	   261	0.9026	     0
3.6836	   232	0.9043	     0
3.6932	   249	0.9060	     0
3.7027	   267	0.9076	     0
3.7123	   237	0.9093	     0
3.7219	   253	0.9109	     0
3.7314	   259	0.9126	     0
3.7410	   237	0.9143	     0
3.7506	   235	0.9159	     0
3.7602	   244	0.9176	     0
3.7697	   229	0.9192	     0
3.7793	   235	0.9209	     0
3.7889	   250	0.9226	     0
3.7984	   225	0.9242	     0
3.8080	   268	0.9259	     0
3.8176	   252	0.9275	     0
3.8271	   253	0.9292	     0
3.8367	   239	0.9309	     0
3.8463	   235	0.9325	     0
3.8559	   198	0.9342	     0
3.8654	   219	0.9358	     0
3.8750	   218	0.9375	     0
3.8846	   236	0.9392	     0
3.8941	   231	0.9408	     0
3.9037	   199	0.9425	     0
3.9133	   204	0.9441	     0
3.9229	   196	0.9458	     0
3.9324	   179	0.9475	     0
3.9420	   208	0.9491	     0
3.9516	   169	0.9508	     0
3.9611	   184	0.9524	     0
3.9707	   180	0.9541	     0
3.9803	   172	0.9558	     0
3.9898	   195	0.9574	     0
3.9994	   136	0.9591	     0
4.0090	   137	0.9607	     0
4.0186	   167	0.9624	     0
4.0281	   163	0.9641	     0
4.0377	   141	0.9657	     0
4.0473	   147	0.9674	     0
4.0568	   151	0.9690	     0
4.0664	   155	0.9707	     0
4.0760	   137	0.9724	     0
4.0855	   137	0.9740	     0
4.0951	   147	0.9757	     0
4.1047	   158	0.9773	     0
4.1143	   150	0.9790	     1
4.1238	   149	0.9807	     0
4.1334	   130	0.9823	     0
4.1430	   157	0.9840	     0
4.1525	   163	0.9856	     1
4.1621	   173	0.9873	     0
4.1717	   164	0.9890	     0
4.1813	   184	0.9906	     0
4.1908	   164	0.9923	     0
4.2004	   177	0.9939	     0
4.2100	   172	0.9956	     0
4.2195	   167	0.9973	     0
4.2291	   170	0.9989	     0
4.2387	   175	1.0006	     0
4.2482	   197	1.0022	     0
4.2578	   174	1.0039	     0
4.2674	   175	1.0056	     0
4.2770	   199	1.0072	     0
4.2865	   170	1.0089	     0
4.2961	   207	1.0105	     0
4.3057	   217	1.0122	     0
4.3152	   202	1.0139	     0
4.3248	   193	1.0155	     0
4.3344	   207	1.0172	     0
4.3439	   184	1.0188	     0
4.3535	   179	1.0205	     0
4.3631	   178	1.0222	     0
4.3727	   177	1.0238	     0
4.3822	   163	1.0255	     0
4.3918	   166	1.0271	     0
4.4014	   191	1.0288	     0
4.4109	   169	1.0305	     0
4.4205	   178	1.0321	     0
4.4301	   165	1.0338	     0
4.4396	   134	1.0354	     0
4.4492	   148	1.0371	     0
4.4588	   163	1.0388	     0
4.4684	   165	1.0404	     0
4.4779	   184	1.0421	     0
4.4875	   160	1.0438	     0
4.4971	   151	1.0454	     0
4.5066	   184	1.0471	     0
4.5162	   182	1.0487	     0
4.5258	   208	1.0504	     0
4.5354	   206	1.0521	     0
4.5449	   211	1.0537	     0
4.5545	   193	1.0554	     1
4.5641	   193	1.0570	     0
4.5736	   198	1.0587	     0
4.5832	   210	1.0604	     0
4.5928	   203	1.0620	     0
4.6023	   228	1.0637	     0
4.6119	   172	1.0653	     0
4.6215	   166	1.0670	     0
4.6311	   163	1.0687	     0
4.6406	   111	1.0703	     1
4.6502	   103	1.0720	     0
4.6598	    83	1.0736	     0
4.6693	    81	1.0753	     0
4.6789	    90	1.0770	     0
4.6885	    59	1.0786	     0
4.6980	    90	1.0803	     0
4.7076	    72	1.0819	     0
4.7172	    89	1.0836	     0
4.7268	    92	1.0853	     0
4.7363	    94	1.0869	     0
4.7459	    93	1.0886	     0
4.7555	   103	1.0902	     0
4.7650	    90	1.0919	     0
4.7746	    87	1.0936	     0
4.7842	   117	1.0952	     0
4.7938	   106	1.0969	     0
4.8033	   100	1.0985	     0
4.8129	   130	1.1002	     0
4.8225	   120	1.1019	     0
4.8320	   134	1.1035	     0
4.8416	   132	1.1052	     0
4.8512	   134	1.1068	     0
4.8607	   131	1.1085	     0
4.8703	   152	1.1102	     0
4.8799	   161	1.1118	     0
4.8895	   173	1.1135	     0
4.8990	   180	1.1151	     1
4.9086	   184	1.1168	     0
4.9182	   224	1.1185	     0
4.9277	   233	1.1201	     0
4.9373	   258	1.1218	     0
4.9469	   273	1.1234	     0
4.9564	   294	1.1251	     0
4.9660	   303	1.1268	     0
4.9756	   316	1.1284	     0
4.9852	   315	1.1301	     0
4.9947	   398	1.1317	     0
5.0043	   436	1.1334	     0
5.0139	   443	1.1351	     0
5.0234	   494	1.1367	     0
5.0330	   532	1.1384	     1
5.0426	   599	1.1400	     0
5.0521	   576	1.1417	     1
5.0617	   674	1.1434	     0
5.0713	   717	1.1450	     0
5.0809	   753	1.1467	     0
5.0904	   793	1.1483	     0
5.1000	   868	1.1500	     1
5.1096	   963	1.1517	     0
5.1191	   992	1.1533	     0
5.1287	  1001	1.1550	     0
5.1383	  1046	1.1566	     0
5.1479	  1152	1.1583	     0
5.1574	  1252	1.1600	     0
5.1670	  1302	1.1616	     0
5.1766	  1311	1.1633	     0
5.1861	  1397	1.1649	     0
5.1957	  1447	1.1666	     0
5.2053	  1462	1.1683	     0
5.2148	  1585	1.1699	     0
5.2244	  1608	1.1716	     0
5.2340	  1690	1.1732	     0
5.2436	  1680	1.1749	     0
5.2531	  1888	1.1766	     0
5.2627	  1864	1.1782	     0
5.2723	  1924	1.1799	     0
5.2818	  1963	1.1815	     0
5.2914	  1891	1.1832	     0
5.3010	  1927	1.1849	     0
5.3105	  1865	1.1865	     0
5.3201	  1852	1.1882	     0
5.3297	  1757	1.1898	     0
5.3393	  1772	1.1915	     0
5.3488	  1646	1.1932	     0
5.3584	  1627	1.1948	     0
5.3680	  1533	1.1965	     0
5.3775	  1434	1.1981	     0
5.3871	  1343	1.1998	     0
5.3967	  1268	1.2015	     0
5.4063	  1121	1.2031	     0
5.4158	  1119	1.2048	     0
5.4254	   971	1.2064	     0
5.4350	   902	1.2081	     0
5.4445	   783	1.2098	     0
5.4541	   753	1.2114	     0
5.4637	   678	1.2131	     0
5.4732	   584	1.2147	     0
5.4828	   498	1.2164	     0
5.4924	   450	1.2181	     0
5.5020	   379	1.2197	     0
5.5115	   359	1.2214	     0
5.5211	   285	1.2230	     0
5.5307	   277	1.2247	     0
5.5402	   203	1.2264	     0
5.5498	   153	1.2280	     0
5.5594	   143	1.2297	     0
5.5689	    96	1.2313	     0
5.5785	    86	1.2330	     0
5.5881	    81	1.2347	     0
5.5977	    65	1.2363	     0
5.6072	    44	1.2380	     0
5.6168	    34	1.2396	     0
5.6264	    33	1.2413	     0
5.6359	    31	1.2430	     0
5.6455	    32	1.2446	     0
5.6551	    28	1.2463	     0
5.6646	    29	1.2479	     0
5.6742	    24	1.2496	     0
5.6838	    33	1.2513	     0
5.6934	    19	1.2529	     0
5.7029	    29	1.2546	     0
5.7125	    29	1.2562	     0
5.7221	    27	1.2579	     0
5.7316	    23	1.2596	     0
5.7412	    21	1.2612	     0
5.7508	    18	1.2629	     0
5.7604	    26	1.2646	     0
5.7699	    21	1.2662	     0
5.7795	    32	1.2679	     0
5.7891	    26	1.2695	     0
5.7986	    20	1.2712	     0
5.8082	    30	1.2729	     0
5.8178	    31	1.2745	     0
5.8273	    32	1.2762	     0
5.8369	    30	1.2778	     0
5.8465	    24	1.2795	     0
5.8561	    22	1.2812	     0
5.8656	    25	1.2828	     0
5.8752	    27	1.2845	     0
5.8848	    27	1.2861	     0
5.8943	    26	1.2878	     0
5.9039	    29	1.2895	     1
5.9135	    21	1.2911	     0
5.9230	    25	1.2928	     0
5.9326	    28	1.2944	     0
5.9422	    24	1.2961	     0
5.9518	    24	1.2978	     0
5.9613	    28	1.2994	     0
5.9709	    37	1.3011	     0
5.9805	    26	1.3027	     0
5.9900	    23	1.3044	     0
5.9996	    26	1.3061	     0
6.0092	    24	1.3077	     0
6.0188	    12	1.3094	     0
6.0283	    24	1.3110	     0
6.0379	    32	1.3127	     0
6.0475	    22	1.3144	     0
6.0570	    27	1.3160	     0
6.0666	    34	1.3177	     0
6.0762	    30	1.3193	     0
6.0857	    21	1.3210	     0
6.0953	    26	1.3227	     0
6.1049	    29	1.3243	     0
6.1145	    42	1.3260	     0
6.1240	    25	1.3276	     0
6.1336	    29	1.3293	     0
6.1432	    36	1.3310	     0
6.1527	    30	1.3326	     0
6.1623	    25	1.3343	     0
6.1719	    28	1.3359	     0
6.1814	    27	1.3376	     0
6.1910	    32	1.3393	     0
6.2006	    25	1.3409	     0
6.2102	    32	1.3426	     0
6.2197	    23	1.3442	     0
6.2293	    36	1.3459	     0
6.2389	    28	1.3476	     0
6.2484	    28	1.3492	     0
6.2580	    30	1.3509	     0
6.2676	    31	1.3525	     0
6.2771	    25	1.3542	     0
6.2867	    38	1.3559	     0
6.2963	    38	1.3575	     0
6.3059	    41	1.3592	     0
6.3154	    27	1.3608	     0
6.3250	    41	1.3625	     0
6.3346	    33	1.3642	     0
6.3441	    31	1.3658	     0
6.3537	    27	1.3675	     0
6.3633	    27	1.3691	     0
6.3729	    30	1.3708	     0
6.3824	    21	1.3725	     0
6.3920	    25	1.3741	     0
6.4016	    18	1.3758	     0
6.4111	    24	1.3774	     0
6.4207	    17	1.3791	     0
6.4303	    11	1.3808	     0
6.4398	    17	1.3824	     0
6.4494	    14	1.3841	     0
6.4590	    25	1.3857	     0
6.4686	    19	1.3874	     0
6.4781	    28	1.3891	     0
6.4877	    23	1.3907	     0
6.4973	    21	1.3924	     0
6.5068	    27	1.3940	     0
6.5164	    45	1.3957	     0
6.5260	    52	1.3974	     0
6.5355	    64	1.3990	     0
6.5451	    79	1.4007	     0
6.5547	    70	1.4023	     0
6.5643	    70	1.4040	     0
6.5738	    82	1.4057	     0
6.5834	    85	1.4073	     0
6.5930	    87	1.4090	     0
6.6025	   103	1.4106	     1
6.6121	   111	1.4123	     0
6.6217	    91	1.4140	     0
6.6313	    87	1.4156	     0
6.6408	    80	1.4173	     0
6.6504	    98	1.4189	     0
6.6600	    85	1.4206	     0
6.6695	    74	1.4223	     0
6.6791	    73	1.4239	     0
6.6887	    65	1.4256	     0
6.6982	    77	1.4272	     0
6.7078	    91	1.4289	     0
6.7174	    91	1.4306	     0
6.7270	    90	1.4322	     0
6.7365	    80	1.4339	     0
6.7461	    88	1.4355	     0
6.7557	    73	1.4372	     1
6.7652	    65	1.4389	     0
6.7748	    53	1.4405	     0
6.7844	    46	1.4422	     1
6.7939	    46	1.4438	     0
6.8035	    51	1.4455	     0
6.8131	    32	1.4472	     0
6.8227	    30	1.4488	     0
6.8322	    13	1.4505	     0
6.8418	    23	1.4521	     0
6.8514	    23	1.4538	     0
6.8609	    21	1.4555	     0
6.8705	    21	1.4571	     0
6.8801	    19	1.4588	     0
6.8896	    15	1.4604	     0
6.8992	     6	1.4621	     0
6.9088	     9	1.4638	     0
6.9184	     4	1.4654	     0
6.9279	    10	1.4671	     0
6.9375	     6	1.4688	     0
6.9471	     8	1.4704	     0
6.9566	     2	1.4721	     0
6.9662	     2	1.4737	     0
6.9758	     4	1.4754	     0
6.9854	     4	1.4771	     0
6.9949	     1	1.4787	     0
7.0045	     1	1.4804	     0
7.0141	     1	1.4820	     0
7.0236	     0	1.4837	     0
7.0332	     1	1.4854	     0
7.0428	     0	1.4870	     0
7.0523	     2	1.4887	     0
7.0619	     0	1.4903	     0
7.0715	     0	1.4920	     0
7.0811	     0	1.4937	     0
7.0906	     0	1.4953	     0
7.1002	     0	1.4970	     0
7.1098	     0	1.4986	     0
7.1193	     1	1.5003	     0
7.1289	     1	1.5020	     0
7.1385	     1	1.5036	     0
7.1480	     0	1.5053	     0
7.1576	     0	1.5069	     0
7.1672	     0	1.5086	     0
7.1768	     1	1.5103	     0
7.1863	     0	1.5119	     0
7.1959	     1	1.5136	     0
7.2055	     0	1.5152	     0
7.2150	     0	1.5169	     0
7.2246	     0	1.5186	     0
7.2342	     1	1.5202	     0
7.2438	     0	1.5219	     0
7.2533	     0	1.5235	     0
7.2629	     0	1.5252	     0
7.2725	     0	1.5269	     0
7.2820	     0	1.5285	     0
7.2916	     0	1.5302	     0
7.3012	     0	1.5318	     1
7.3107	     0	1.5335	     0
7.3203	     0	1.5352	     0
7.3299	     0	1.5368	     1
7.3395	     0	1.5385	     0
7.3490	     0	1.5401	     0
7.3586	     0	1.5418	     0
7.3682	     0	1.5435	     0
7.3777	     0	1.5451	     0
7.3873	     0	1.5468	     0
7.3969	     0	1.5484	     0
7.4064	     0	1.5501	     0
7.4160	     0	1.5518	     0
7.4256	     0	1.5534	     0
7.4352	     0	1.5551	     0
7.4447	     1	1.5567	     0
7.4543	     0	1.5584	     0
7.4639	     0	1.5601	     0
7.4734	     0	1.5617	     0
7.4830	     0	1.5634	     0
7.4926	     0	1.5650	     0
7.5021	     0	1.5667	     0
7.5117	     0	1.5684	     0
7.5213	     0	1.5700	     0
7.5309	     0	1.5717	     0
7.5404	     0	1.5733	     0
7.5500	     0	1.5750	     1
7.5596	     0	1.5767	     0
7.5691	     0	1.5783	     0
7.5787	     0	1.5800	     0
7.5883	     0	1.5816	     1
7.5979	     0	1.5833	     0
7.6074	     0	1.5850	     0
7.6170	     0	1.5866	     0
7.6266	     0	1.5883	     0
7.6361	     0	1.5899	     0
7.6457	     0	1.5916	     0
7.6553	     0	1.5933	     0
7.6648	     0	1.5949	     0
7.6744	     0	1.5966	     0
7.6840	     0	1.5982	     0
7.6936	     0	1.5999	     0
7.7031	     0	1.6016	     0
7.7127	     0	1.6032	     0
7.7223	     0	1.6049	     0
7.7318	     0	1.6065	     0
7.7414	     0	1.6082	     0
7.7510	     0	1.6099	     0
7.7605	     0	1.6115	     0
7.7701	     0	1.6132	     0
7.7797	     0	1.6148	     0
7.7893	     0	1.6165	     0
7.7988	     0	1.6182	     0
7.8084	     0	1.6198	     0
7.8180	     1	1.6215	     0
7.8275	     0	1.6231	     0
7.8371	     0	1.6248	     0
7.8467	     0	1.6265	     0
7.8563	     0	1.6281	     0
7.8658	     1	1.6298	     0
7.8754	     0	1.6314	     0
7.8850	     1	1.6331	     0
7.8945	     0	1.6348	     0
7.9041	     0	1.6364	     1
7.9137	     0	1.6381	     0
7.9232	     0	1.6397	     0
7.9328	     0	1.6414	     0
7.9424	     0	1.6431	     0
7.9520	     0	1.6447	     0
7.9615	     0	1.6464	     0
7.9711	     0	1.6480	     0
7.9807	     0	1.6497	     0
7.9902	     0	1.6514	     0
7.9998	     0	1.6530	     0
8.0094	     0	1.6547	     0
8.0189	     0	1.6563	     0
8.0285	     0	1.6580	     0
8.0381	     0	1.6597	     0
8.0477	     0	1.6613	     0
8.0572	     0	1.6630	     0
8.0668	     0	1.6646	     0
8.0764	     0	1.6663	     0
8.0859	     0	1.6680	     0
8.0955	     0	1.6696	     0
8.1051	     0	1.6713	     0
8.1146	     0	1.6729	     0
8.1242	     0	1.6746	     0
8.1338	     0	1.6763	     0
8.1434	     0	1.6779	     0
8.1529	     0	1.6796	     0
8.1625	     0	1.6812	     0
8.1721	     0	1.6829	     0
8.1816	     0	1.6846	     0
8.1912	     0	1.6862	     0
8.2008	     1	1.6879	     0
8.2104	     0	1.6896	     0
8.2199	     0	1.6912	     0
8.2295	     0	1.6929	     0
8.2391	     0	1.6945	     0
8.2486	     0	1.6962	     0
8.2582	     0	1.6979	     0
8.2678	     0	1.6995	     0
8.2773	     0	1.7012	     0
8.2869	     0	1.7028	     0
8.2965	     0	1.7045	     0
8.3061	     0	1.7062	     0
8.3156	     0	1.7078	     0
8.3252	     0	1.7095	     0
8.3348	     1	1.7111	     0
8.3443	     0	1.7128	     0
8.3539	     0	1.7145	     0
8.3635	     0	1.7161	     0
8.3730	     0	1.7178	     0
8.3826	     0	1.7194	     0
8.3922	     0	1.7211	     1
8.4018	     0	1.7228	     0
8.4113	     0	1.7244	     0
8.4209	     0	1.7261	     0
8.4305	     0	1.7277	     0
8.4400	     0	1.7294	     0
8.4496	     0	1.7311	     1
8.4592	     0	1.7327	     0
8.4688	     0	1.7344	     0
8.4783	     0	1.7360	     0
8.4879	     0	1.7377	     0
8.4975	     0	1.7394	     0
8.5070	     0	1.7410	     0
8.5166	     0	1.7427	     0
8.5262	     0	1.7443	     0
8.5357	     0	1.7460	     0
8.5453	     0	1.7477	     0
8.5549	     0	1.7493	     1
8.5645	     0	1.7510	     0
8.5740	     0	1.7526	     0
8.5836	     0	1.7543	     1
8.5932	     0	1.7560	     0
8.6027	     0	1.7576	     0
8.6123	     0	1.7593	     0
8.6219	     0	1.7609	     0
8.6314	     0	1.7626	     0
8.6410	     0	1.7643	     0
8.6506	     0	1.7659	     0
8.6602	     0	1.7676	     0
8.6697	     0	1.7692	     0
8.6793	     0	1.7709	     0
8.6889	     0	1.7726	     0
8.6984	     0	1.7742	     0
8.7080	     0	1.7759	     0
8.7176	     0	1.7775	     0
8.7271	     0	1.7792	     0
8.7367	     0	1.7809	     0
8.7463	     0	1.7825	     0
8.7559	     0	1.7842	     0
8.7654	     0	1.7858	     0
8.7750	     0	1.7875	     0
8.7846	     0	1.7892	     0
8.7941	     0	1.7908	     0
8.8037	     0	1.7925	     0
8.8133	     0	1.7941	     0
8.8229	     0	1.7958	     0
8.8324	     0	1.7975	     0
8.8420	     0	1.7991	     0
8.8516	     0	1.8008	     0
8.8611	     0	1.8024	     0
8.8707	     0	1.8041	     0
8.8803	     0	1.8058	     0
8.8898	     0	1.8074	     0
8.8994	     0	1.8091	     0
8.9090	     0	1.8107	     0
8.9186	     0	1.8124	     0
8.9281	     0	1.8141	     0
8.9377	     0	1.8157	     0
8.9473	     0	1.8174	     0
8.9568	     0	1.8190	     0
8.9664	     0	1.8207	     0
8.9760	     0	1.8224	     0
8.9855	     0	1.8240	     0
8.9951	     0	1.8257	     0
9.0047	     0	1.8273	     0
9.0143	     0	1.8290	     0
9.0238	     0	1.8307	     0
9.0334	     0	1.8323	     0
9.0430	     0	1.8340	     0
9.0525	     0	1.8356	     0
9.0621	     0	1.8373	     0
9.0717	     0	1.8390	     0
9.0813	     0	1.8406	     0
9.0908	     0	1.8423	     0
9.1004	     0	1.8439	     0
9.1100	     0	1.8456	     0
9.1195	     0	1.8473	     0
9.1291	     0	1.8489	     0
9.1387	     0	1.8506	     0
9.1482	     0	1.8522	     0
9.1578	     0	1.8539	     0
9.1674	     0	1.8556	     0
9.1770	     0	1.8572	     0
9.1865	     0	1.8589	     0
9.1961	     0	1.8605	     0
9.2057	     0	1.8622	     0
9.2152	     0	1.8639	     0
9.2248	     0	1.8655	     0
9.2344	     0	1.8672	     0
9.2439	     0	1.8688	     0
9.2535	     0	1.8705	     0
9.2631	     0	1.8722	     0
9.2727	     0	1.8738	     0
9.2822	     0	1.8755	     0
9.2918	     0	1.8771	     0
9.3014	     0	1.8788	     0
9.3109	     0	1.8805	     0
9.3205	     0	1.8821	     0
9.3301	     0	1.8838	     0
9.3396	     0	1.8854	     0
9.3492	     0	1.8871	     0
9.3588	     0	1.8888	     0
9.3684	     0	1.8904	     0
9.3779	     0	1.8921	     0
9.3875	     0	1.8938	     0
9.3971	     0	1.8954	     1
9.4066	     0	1.8971	     0
9.4162	     0	1.8987	     0
9.4258	     0	1.9004	     1
9.4354	     0	1.9021	     0
9.4449	     0	1.9037	     0
9.4545	     0	1.9054	     0
9.4641	     0	1.9070	     0
9.4736	     0	1.9087	     0
9.4832	     0	1.9104	     0
9.4928	     0	1.9120	     0
9.5023	     0	1.9137	     0
9.5119	     0	1.9153	     0
9.5215	     0	1.9170	     0
9.5311	     0	1.9187	     0
9.5406	     0	1.9203	     0
9.5502	     0	1.9220	     1
9.5598	     0	1.9236	     0
9.5693	     0	1.9253	     0
9.5789	     0	1.9270	     0
9.5885	     0	1.9286	     0
9.5980	     0	1.9303	     0
9.6076	     0	1.9319	     0
9.6172	     0	1.9336	     0
9.6268	     0	1.9353	     0
9.6363	     0	1.9369	     0
9.6459	     0	1.9386	     0
9.6555	     0	1.9402	     0
9.6650	     0	1.9419	     0
9.6746	     0	1.9436	     0
9.6842	     0	1.9452	     0
9.6937	     0	1.9469	     0
9.7033	     0	1.9485	     0
9.7129	     0	1.9502	     0
9.7225	     0	1.9519	     0
9.7320	     0	1.9535	     0
9.7416	     0	1.9552	     0
9.7512	     0	1.9568	     0
9.7607	     0	1.9585	     0
9.7703	     0	1.9602	     0
9.7799	     0	1.9618	     0
9.7895	     0	1.9635	     0
9.7990	     0	1.9651	     0
9.8086	     0	1.9668	     0
9.8182	     0	1.9685	     0
9.8277	     0	1.9701	     0
9.8373	     0	1.9718	     0
9.8469	     0	1.9734	     0
9.8564	     0	1.9751	     0
9.8660	     0	1.9768	     0
9.8756	     0	1.9784	     0
9.8852	     0	1.9801	     0
9.8947	     0	1.9817	     0
9.9043	     0	1.9834	     0
9.9139	     0	1.9851	     0
9.9234	     0	1.9867	     0
9.9330	     0	1.9884	     0
9.9426	     0	1.9900	     0
9.9521	     0	1.9917	     0
9.9617	     0	1.9934	     0
9.9713	     0	1.9950	     0
9.9809	     0	1.9967	     0
9.9904	     0	1.9983	     0
