02/06/2019 16:19:55
LT: 150.34

0.2000	  2773	0.3000	     0
0.2096	  4432	0.3017	     0
0.2191	  5778	0.3033	     0
0.2287	  5619	0.3050	     0
0.2383	  4387	0.3066	     0
0.2479	  2912	0.3083	     0
0.2574	  1898	0.3100	     0
0.2670	  1287	0.3116	     0
0.2766	   908	0.3133	     0
0.2861	   680	0.3149	     0
0.2957	   619	0.3166	     0
0.3053	   502	0.3183	     0
0.3148	   552	0.3199	     0
0.3244	   569	0.3216	     0
0.3340	   558	0.3232	     0
0.3436	   585	0.3249	     0
0.3531	   532	0.3266	     0
0.3627	   554	0.3282	     0
0.3723	   545	0.3299	     0
0.3818	   598	0.3315	     1
0.3914	   588	0.3332	     0
0.4010	   586	0.3349	     0
0.4105	   591	0.3365	     0
0.4201	   593	0.3382	     0
0.4297	   620	0.3398	     0
0.4393	   616	0.3415	     1
0.4488	   642	0.3432	     0
0.4584	   633	0.3448	     0
0.4680	   683	0.3465	     0
0.4775	   707	0.3481	     0
0.4871	   751	0.3498	     0
0.4967	   804	0.3515	     0
0.5063	   885	0.3531	     1
0.5158	   899	0.3548	     0
0.5254	   920	0.3564	     0
0.5350	   903	0.3581	     0
0.5445	   804	0.3598	     0
0.5541	   803	0.3614	     0
0.5637	   766	0.3631	     0
0.5732	   759	0.3647	     0
0.5828	   753	0.3664	     0
0.5924	   806	0.3681	     0
0.6020	   775	0.3697	     0
0.6115	   724	0.3714	     0
0.6211	   699	0.3730	     0
0.6307	   686	0.3747	     0
0.6402	   668	0.3764	     0
0.6498	   684	0.3780	     0
0.6594	   657	0.3797	     0
0.6689	   666	0.3813	     0
0.6785	   646	0.3830	     0
0.6881	   664	0.3847	     0
0.6977	   630	0.3863	     0
0.7072	   623	0.3880	     0
0.7168	   669	0.3896	     0
0.7264	   703	0.3913	     0
0.7359	   660	0.3930	     0
0.7455	   666	0.3946	     0
0.7551	   644	0.3963	     1
0.7646	   691	0.3979	     0
0.7742	   698	0.3996	     1
0.7838	   629	0.4013	     0
0.7934	   640	0.4029	     0
0.8029	   668	0.4046	     0
0.8125	   702	0.4063	     0
0.8221	   656	0.4079	     0
0.8316	   630	0.4096	     0
0.8412	   732	0.4112	     0
0.8508	   682	0.4129	     0
0.8604	   710	0.4146	     0
0.8699	   622	0.4162	     0
0.8795	   674	0.4179	     0
0.8891	   666	0.4195	     0
0.8986	   655	0.4212	     1
0.9082	   667	0.4229	     0
0.9178	   656	0.4245	     0
0.9273	   652	0.4262	     1
0.9369	   627	0.4278	     0
0.9465	   659	0.4295	     0
0.9561	   672	0.4312	     1
0.9656	   650	0.4328	     0
0.9752	   654	0.4345	     0
0.9848	   706	0.4361	     0
0.9943	   651	0.4378	     0
1.0039	   684	0.4395	     0
1.0135	   670	0.4411	     0
1.0230	   662	0.4428	     0
1.0326	   678	0.4444	     0
1.0422	   690	0.4461	     0
1.0518	   650	0.4478	     0
1.0613	   675	0.4494	     1
1.0709	   648	0.4511	     0
1.0805	   620	0.4527	     0
1.0900	   719	0.4544	     0
1.0996	   690	0.4561	     0
1.1092	   678	0.4577	     0
1.1188	   638	0.4594	     0
1.1283	   725	0.4610	     0
1.1379	   709	0.4627	     0
1.1475	   753	0.4644	     0
1.1570	   780	0.4660	     0
1.1666	   738	0.4677	     0
1.1762	   790	0.4693	     0
1.1857	   791	0.4710	     0
1.1953	   810	0.4727	     0
1.2049	   886	0.4743	     1
1.2145	   854	0.4760	     0
1.2240	   872	0.4776	     0
1.2336	   941	0.4793	     0
1.2432	   900	0.4810	     0
1.2527	   990	0.4826	     0
1.2623	   904	0.4843	     0
1.2719	   903	0.4859	     0
1.2814	   876	0.4876	     0
1.2910	   867	0.4893	     0
1.3006	   938	0.4909	     0
1.3102	   794	0.4926	     1
1.3197	   860	0.4942	     0
1.3293	   839	0.4959	     1
1.3389	   811	0.4976	     0
1.3484	   806	0.4992	     0
1.3580	   791	0.5009	     0
1.3676	   793	0.5025	     0
1.3771	   773	0.5042	     0
1.3867	   749	0.5059	     0
1.3963	   775	0.5075	     0
1.4059	   755	0.5092	     0
1.4154	   734	0.5108	     0
1.4250	   750	0.5125	     0
1.4346	   734	0.5142	     0
1.4441	   726	0.5158	     1
1.4537	   763	0.5175	     0
1.4633	   701	0.5191	     0
1.4729	   689	0.5208	     1
1.4824	   693	0.5225	     0
1.4920	   710	0.5241	     0
1.5016	   710	0.5258	     0
1.5111	   659	0.5274	     0
1.5207	   698	0.5291	     0
1.5303	   650	0.5308	     0
1.5398	   699	0.5324	     0
1.5494	   667	0.5341	     1
1.5590	   623	0.5357	     0
1.5686	   656	0.5374	     0
1.5781	   643	0.5391	     0
1.5877	   670	0.5407	     0
1.5973	   653	0.5424	     0
1.6068	   590	0.5440	     0
1.6164	   642	0.5457	     0
1.6260	   615	0.5474	     0
1.6355	   639	0.5490	     0
1.6451	   655	0.5507	     0
1.6547	   621	0.5523	     0
1.6643	   618	0.5540	     0
1.6738	   585	0.5557	     0
1.6834	   606	0.5573	     0
1.6930	   664	0.5590	     0
1.7025	   596	0.5606	     1
1.7121	   590	0.5623	     0
1.7217	   576	0.5640	     0
1.7313	   562	0.5656	     0
1.7408	   628	0.5673	     0
1.7504	   593	0.5689	     0
1.7600	   615	0.5706	     0
1.7695	   608	0.5723	     0
1.7791	   631	0.5739	     0
1.7887	   596	0.5756	     0
1.7982	   616	0.5772	     0
1.8078	   623	0.5789	     0
1.8174	   520	0.5806	     0
1.8270	   579	0.5822	     0
1.8365	   588	0.5839	     0
1.8461	   568	0.5855	     1
1.8557	   608	0.5872	     0
1.8652	   550	0.5889	     0
1.8748	   605	0.5905	     0
1.8844	   574	0.5922	     0
1.8939	   588	0.5938	     0
1.9035	   608	0.5955	     0
1.9131	   559	0.5972	     0
1.9227	   604	0.5988	     1
1.9322	   550	0.6005	     0
1.9418	   544	0.6021	     0
1.9514	   591	0.6038	     0
1.9609	   539	0.6055	     0
1.9705	   560	0.6071	     0
1.9801	   551	0.6088	     0
1.9896	   557	0.6104	     1
1.9992	   529	0.6121	     0
2.0088	   512	0.6138	     0
2.0184	   546	0.6154	     0
2.0279	   549	0.6171	     0
2.0375	   582	0.6187	     0
2.0471	   574	0.6204	     0
2.0566	   521	0.6221	     0
2.0662	   571	0.6237	     2
2.0758	   540	0.6254	     0
2.0854	   550	0.6271	     0
2.0949	   549	0.6287	     0
2.1045	   547	0.6304	     0
2.1141	   542	0.6320	     0
2.1236	   536	0.6337	     0
2.1332	   506	0.6354	     0
2.1428	   530	0.6370	     0
2.1523	   543	0.6387	     0
2.1619	   513	0.6403	     0
2.1715	   578	0.6420	     0
2.1811	   501	0.6437	     0
2.1906	   542	0.6453	     0
2.2002	   570	0.6470	     0
2.2098	   508	0.6486	     0
2.2193	   535	0.6503	     0
2.2289	   499	0.6520	     0
2.2385	   545	0.6536	     0
2.2480	   519	0.6553	     0
2.2576	   528	0.6569	     0
2.2672	   532	0.6586	     0
2.2768	   522	0.6603	     0
2.2863	   512	0.6619	     0
2.2959	   530	0.6636	     0
2.3055	   555	0.6652	     0
2.3150	   509	0.6669	     0
2.3246	   496	0.6686	     1
2.3342	   522	0.6702	     0
2.3438	   522	0.6719	     0
2.3533	   521	0.6735	     0
2.3629	   555	0.6752	     0
2.3725	   540	0.6769	     0
2.3820	   510	0.6785	     0
2.3916	   586	0.6802	     0
2.4012	   498	0.6818	     0
2.4107	   531	0.6835	     0
2.4203	   492	0.6852	     0
2.4299	   521	0.6868	     0
2.4395	   491	0.6885	     0
2.4490	   530	0.6901	     0
2.4586	   617	0.6918	     0
2.4682	   536	0.6935	     0
2.4777	   492	0.6951	     0
2.4873	   556	0.6968	     0
2.4969	   559	0.6984	     0
2.5064	   523	0.7001	     0
2.5160	   538	0.7018	     0
2.5256	   545	0.7034	     0
2.5352	   530	0.7051	     0
2.5447	   558	0.7067	     0
2.5543	   568	0.7084	     0
2.5639	   553	0.7101	     0
2.5734	   560	0.7117	     0
2.5830	   548	0.7134	     0
2.5926	   521	0.7150	     0
2.6021	   518	0.7167	     0
2.6117	   527	0.7184	     0
2.6213	   543	0.7200	     0
2.6309	   521	0.7217	     0
2.6404	   539	0.7233	     0
2.6500	   583	0.7250	     0
2.6596	   582	0.7267	     0
2.6691	   549	0.7283	     0
2.6787	   547	0.7300	     1
2.6883	   594	0.7316	     0
2.6979	   570	0.7333	     1
2.7074	   557	0.7350	     0
2.7170	   575	0.7366	     0
2.7266	   598	0.7383	     1
2.7361	   584	0.7399	     0
2.7457	   573	0.7416	     0
2.7553	   616	0.7433	     0
2.7648	   587	0.7449	     0
2.7744	   587	0.7466	     0
2.7840	   604	0.7482	     0
2.7936	   541	0.7499	     0
2.8031	   553	0.7516	     0
2.8127	   622	0.7532	     1
2.8223	   598	0.7549	     0
2.8318	   602	0.7565	     0
2.8414	   634	0.7582	     0
2.8510	   545	0.7599	     0
2.8605	   575	0.7615	     0
2.8701	   550	0.7632	     0
2.8797	   586	0.7648	     0
2.8893	   558	0.7665	     0
2.8988	   578	0.7682	     0
2.9084	   543	0.7698	     0
2.9180	   511	0.7715	     0
2.9275	   525	0.7731	     0
2.9371	   521	0.7748	     0
2.9467	   499	0.7765	     0
2.9563	   498	0.7781	     0
2.9658	   461	0.7798	     0
2.9754	   467	0.7814	     0
2.9850	   466	0.7831	     0
2.9945	   413	0.7848	     0
3.0041	   421	0.7864	     0
3.0137	   432	0.7881	     0
3.0232	   374	0.7897	     0
3.0328	   384	0.7914	     0
3.0424	   402	0.7931	     0
3.0520	   374	0.7947	     0
3.0615	   367	0.7964	     1
3.0711	   395	0.7980	     0
3.0807	   368	0.7997	     0
3.0902	   343	0.8014	     0
3.0998	   331	0.8030	     0
3.1094	   350	0.8047	     0
3.1189	   324	0.8063	     1
3.1285	   350	0.8080	     0
3.1381	   361	0.8097	     0
3.1477	   319	0.8113	     0
3.1572	   337	0.8130	     0
3.1668	   323	0.8146	     0
3.1764	   297	0.8163	     0
3.1859	   305	0.8180	     0
3.1955	   306	0.8196	     0
3.2051	   325	0.8213	     0
3.2146	   322	0.8229	     0
3.2242	   273	0.8246	     0
3.2338	   287	0.8263	     0
3.2434	   272	0.8279	     0
3.2529	   279	0.8296	     0
3.2625	   312	0.8313	     0
3.2721	   299	0.8329	     0
3.2816	   296	0.8346	     0
3.2912	   302	0.8362	     0
3.3008	   304	0.8379	     0
3.3104	   294	0.8396	     0
3.3199	   271	0.8412	     0
3.3295	   278	0.8429	     0
3.3391	   284	0.8445	     0
3.3486	   306	0.8462	     0
3.3582	   316	0.8479	     0
3.3678	   295	0.8495	     0
3.3773	   298	0.8512	     0
3.3869	   267	0.8528	     0
3.3965	   310	0.8545	     1
3.4061	   272	0.8562	     0
3.4156	   289	0.8578	     0
3.4252	   324	0.8595	     0
3.4348	   300	0.8611	     0
3.4443	   325	0.8628	     0
3.4539	   326	0.8645	     0
3.4635	   297	0.8661	     0
3.4730	   317	0.8678	     0
3.4826	   298	0.8694	     0
3.4922	   349	0.8711	     0
3.5018	   309	0.8728	     0
3.5113	   325	0.8744	     0
3.5209	   325	0.8761	     0
3.5305	   321	0.8777	     0
3.5400	   310	0.8794	     0
3.5496	   323	0.8811	     0
3.5592	   327	0.8827	     1
3.5688	   337	0.8844	     0
3.5783	   342	0.8860	     0
3.5879	   342	0.8877	     0
3.5975	   319	0.8894	     0
3.6070	   339	0.8910	     0
3.6166	   322	0.8927	     0
3.6262	   357	0.8943	     0
3.6357	   343	0.8960	     0
3.6453	   359	0.8977	     0
3.6549	   365	0.8993	     1
3.6645	   359	0.9010	     0
3.6740	   354	0.9026	     0
3.6836	   327	0.9043	     0
3.6932	   345	0.9060	     0
3.7027	   358	0.9076	     0
3.7123	   383	0.9093	     2
3.7219	   372	0.9109	     0
3.7314	   369	0.9126	     0
3.7410	   355	0.9143	     0
3.7506	   334	0.9159	     0
3.7602	   381	0.9176	     0
3.7697	   369	0.9192	     0
3.7793	   375	0.9209	     0
3.7889	   391	0.9226	     0
3.7984	   391	0.9242	     0
3.8080	   376	0.9259	     0
3.8176	   385	0.9275	     0
3.8271	   406	0.9292	     0
3.8367	   412	0.9309	     0
3.8463	   419	0.9325	     0
3.8559	   427	0.9342	     0
3.8654	   427	0.9358	     0
3.8750	   503	0.9375	     0
3.8846	   523	0.9392	     0
3.8941	   538	0.9408	     0
3.9037	   590	0.9425	     0
3.9133	   602	0.9441	     0
3.9229	   671	0.9458	     0
3.9324	   743	0.9475	     0
3.9420	   812	0.9491	     0
3.9516	   906	0.9508	     0
3.9611	  1006	0.9524	     0
3.9707	  1056	0.9541	     1
3.9803	  1297	0.9558	     0
3.9898	  1427	0.9574	     0
3.9994	  1588	0.9591	     1
4.0090	  1660	0.9607	     0
4.0186	  1990	0.9624	     0
4.0281	  2098	0.9641	     0
4.0377	  2399	0.9657	     0
4.0473	  2687	0.9674	     1
4.0568	  2921	0.9690	     0
4.0664	  3180	0.9707	     0
4.0760	  3495	0.9724	     0
4.0855	  3841	0.9740	     0
4.0951	  4165	0.9757	     0
4.1047	  4524	0.9773	     0
4.1143	  4852	0.9790	     0
4.1238	  5110	0.9807	     0
4.1334	  5627	0.9823	     0
4.1430	  6095	0.9840	     0
4.1525	  6590	0.9856	     0
4.1621	  7018	0.9873	     0
4.1717	  7658	0.9890	     0
4.1813	  7798	0.9906	     0
4.1908	  8090	0.9923	     0
4.2004	  8480	0.9939	     0
4.2100	  8550	0.9956	     0
4.2195	  8655	0.9973	     0
4.2291	  8639	0.9989	     0
4.2387	  8540	1.0006	     0
4.2482	  8547	1.0022	     0
4.2578	  8121	1.0039	     0
4.2674	  7724	1.0056	     0
4.2770	  7379	1.0072	     0
4.2865	  6828	1.0089	     0
4.2961	  6257	1.0105	     1
4.3057	  5599	1.0122	     0
4.3152	  4954	1.0139	     1
4.3248	  4353	1.0155	     0
4.3344	  3850	1.0172	     1
4.3439	  3112	1.0188	     0
4.3535	  2358	1.0205	     0
4.3631	  1721	1.0222	     1
4.3727	  1249	1.0238	     0
4.3822	   936	1.0255	     0
4.3918	   709	1.0271	     0
4.4014	   557	1.0288	     0
4.4109	   460	1.0305	     0
4.4205	   323	1.0321	     0
4.4301	   236	1.0338	     0
4.4396	   187	1.0354	     0
4.4492	   169	1.0371	     1
4.4588	   101	1.0388	     0
4.4684	    98	1.0404	     0
4.4779	    81	1.0421	     0
4.4875	    63	1.0438	     0
4.4971	    51	1.0454	     0
4.5066	    45	1.0471	     0
4.5162	    36	1.0487	     0
4.5258	    26	1.0504	     1
4.5354	    38	1.0521	     0
4.5449	    30	1.0537	     0
4.5545	    22	1.0554	     0
4.5641	    23	1.0570	     0
4.5736	    22	1.0587	     0
4.5832	    26	1.0604	     0
4.5928	    31	1.0620	     0
4.6023	    15	1.0637	     0
4.6119	    13	1.0653	     0
4.6215	    16	1.0670	     0
4.6311	    16	1.0687	     0
4.6406	    16	1.0703	     0
4.6502	    16	1.0720	     0
4.6598	    22	1.0736	     0
4.6693	     8	1.0753	     0
4.6789	     4	1.0770	     0
4.6885	     9	1.0786	     0
4.6980	     9	1.0803	     0
4.7076	     7	1.0819	     0
4.7172	     7	1.0836	     0
4.7268	    10	1.0853	     0
4.7363	     7	1.0869	     0
4.7459	     9	1.0886	     0
4.7555	     2	1.0902	     0
4.7650	     6	1.0919	     0
4.7746	    10	1.0936	     1
4.7842	    10	1.0952	     0
4.7938	     7	1.0969	     0
4.8033	     8	1.0985	     0
4.8129	    11	1.1002	     0
4.8225	     8	1.1019	     0
4.8320	    11	1.1035	     0
4.8416	    10	1.1052	     0
4.8512	     7	1.1068	     0
4.8607	     8	1.1085	     1
4.8703	     4	1.1102	     0
4.8799	     8	1.1118	     0
4.8895	    13	1.1135	     0
4.8990	    10	1.1151	     0
4.9086	     9	1.1168	     0
4.9182	     6	1.1185	     0
4.9277	     7	1.1201	     0
4.9373	     4	1.1218	     0
4.9469	     9	1.1234	     0
4.9564	     8	1.1251	     0
4.9660	     9	1.1268	     0
4.9756	    10	1.1284	     0
4.9852	    13	1.1301	     0
4.9947	     4	1.1317	     0
5.0043	     6	1.1334	     0
5.0139	    10	1.1351	     0
5.0234	     6	1.1367	     0
5.0330	    10	1.1384	     0
5.0426	    12	1.1400	     0
5.0521	     6	1.1417	     0
5.0617	     7	1.1434	     0
5.0713	     6	1.1450	     0
5.0809	    12	1.1467	     0
5.0904	    11	1.1483	     0
5.1000	    13	1.1500	     0
5.1096	    10	1.1517	     0
5.1191	     6	1.1533	     0
5.1287	     7	1.1550	     0
5.1383	    10	1.1566	     0
5.1479	     6	1.1583	     0
5.1574	     4	1.1600	     0
5.1670	    12	1.1616	     0
5.1766	    12	1.1633	     0
5.1861	    11	1.1649	     0
5.1957	     7	1.1666	     0
5.2053	     9	1.1683	     0
5.2148	     9	1.1699	     0
5.2244	    11	1.1716	     0
5.2340	    11	1.1732	     0
5.2436	    10	1.1749	     0
5.2531	    14	1.1766	     0
5.2627	     6	1.1782	     0
5.2723	    15	1.1799	     0
5.2818	    10	1.1815	     1
5.2914	     8	1.1832	     0
5.3010	    10	1.1849	     0
5.3105	    13	1.1865	     0
5.3201	     9	1.1882	     0
5.3297	    14	1.1898	     0
5.3393	     6	1.1915	     0
5.3488	    12	1.1932	     0
5.3584	    16	1.1948	     0
5.3680	    12	1.1965	     0
5.3775	     7	1.1981	     0
5.3871	    11	1.1998	     0
5.3967	    11	1.2015	     0
5.4063	    10	1.2031	     0
5.4158	    14	1.2048	     0
5.4254	    10	1.2064	     0
5.4350	     3	1.2081	     0
5.4445	    10	1.2098	     0
5.4541	    10	1.2114	     0
5.4637	     8	1.2131	     0
5.4732	     9	1.2147	     0
5.4828	    14	1.2164	     0
5.4924	     8	1.2181	     0
5.5020	     9	1.2197	     0
5.5115	    14	1.2214	     0
5.5211	     8	1.2230	     0
5.5307	    16	1.2247	     0
5.5402	    13	1.2264	     1
5.5498	    11	1.2280	     1
5.5594	    11	1.2297	     0
5.5689	    12	1.2313	     0
5.5785	    14	1.2330	     0
5.5881	    19	1.2347	     0
5.5977	    12	1.2363	     0
5.6072	    13	1.2380	     0
5.6168	    11	1.2396	     0
5.6264	    13	1.2413	     0
5.6359	    11	1.2430	     0
5.6455	    12	1.2446	     0
5.6551	    10	1.2463	     0
5.6646	    12	1.2479	     0
5.6742	     9	1.2496	     0
5.6838	    15	1.2513	     1
5.6934	    18	1.2529	     0
5.7029	    17	1.2546	     1
5.7125	    12	1.2562	     0
5.7221	    20	1.2579	     0
5.7316	    19	1.2596	     0
5.7412	    17	1.2612	     0
5.7508	    19	1.2629	     0
5.7604	    16	1.2646	     0
5.7699	    16	1.2662	     0
5.7795	    15	1.2679	     0
5.7891	    15	1.2695	     0
5.7986	    19	1.2712	     0
5.8082	    21	1.2729	     0
5.8178	    18	1.2745	     0
5.8273	    17	1.2762	     0
5.8369	    25	1.2778	     0
5.8465	    17	1.2795	     0
5.8561	    21	1.2812	     0
5.8656	    18	1.2828	     0
5.8752	    16	1.2845	     0
5.8848	    18	1.2861	     0
5.8943	    16	1.2878	     0
5.9039	    19	1.2895	     0
5.9135	    25	1.2911	     0
5.9230	    14	1.2928	     0
5.9326	    16	1.2944	     0
5.9422	    15	1.2961	     0
5.9518	    10	1.2978	     0
5.9613	    13	1.2994	     0
5.9709	    23	1.3011	     0
5.9805	    13	1.3027	     0
5.9900	    20	1.3044	     0
5.9996	    17	1.3061	     0
6.0092	    22	1.3077	     1
6.0188	    18	1.3094	     0
6.0283	    17	1.3110	     0
6.0379	    14	1.3127	     0
6.0475	    25	1.3144	     0
6.0570	    22	1.3160	     0
6.0666	    16	1.3177	     0
6.0762	    27	1.3193	     0
6.0857	    16	1.3210	     0
6.0953	    19	1.3227	     0
6.1049	    18	1.3243	     0
6.1145	    24	1.3260	     0
6.1240	    24	1.3276	     0
6.1336	    23	1.3293	     0
6.1432	    27	1.3310	     0
6.1527	    23	1.3326	     0
6.1623	    26	1.3343	     0
6.1719	    21	1.3359	     0
6.1814	    23	1.3376	     0
6.1910	    16	1.3393	     0
6.2006	    12	1.3409	     0
6.2102	    15	1.3426	     0
6.2197	    26	1.3442	     0
6.2293	    26	1.3459	     0
6.2389	    18	1.3476	     0
6.2484	    17	1.3492	     0
6.2580	    19	1.3509	     0
6.2676	    15	1.3525	     0
6.2771	    17	1.3542	     1
6.2867	    17	1.3559	     0
6.2963	    17	1.3575	     0
6.3059	    25	1.3592	     0
6.3154	    17	1.3608	     0
6.3250	    18	1.3625	     0
6.3346	    21	1.3642	     0
6.3441	    20	1.3658	     0
6.3537	    16	1.3675	     0
6.3633	    20	1.3691	     0
6.3729	    15	1.3708	     0
6.3824	    18	1.3725	     0
6.3920	    16	1.3741	     0
6.4016	    15	1.3758	     0
6.4111	    18	1.3774	     0
6.4207	    22	1.3791	     0
6.4303	    16	1.3808	     1
6.4398	    20	1.3824	     0
6.4494	    17	1.3841	     0
6.4590	    10	1.3857	     0
6.4686	    26	1.3874	     0
6.4781	    16	1.3891	     0
6.4877	    15	1.3907	     0
6.4973	    18	1.3924	     0
6.5068	    15	1.3940	     0
6.5164	    24	1.3957	     0
6.5260	    34	1.3974	     0
6.5355	    45	1.3990	     0
6.5451	    42	1.4007	     0
6.5547	    41	1.4023	     0
6.5643	    38	1.4040	     0
6.5738	    46	1.4057	     0
6.5834	    63	1.4073	     0
6.5930	    53	1.4090	     0
6.6025	    63	1.4106	     0
6.6121	    54	1.4123	     0
6.6217	    65	1.4140	     0
6.6313	    52	1.4156	     0
6.6408	    65	1.4173	     0
6.6504	    45	1.4189	     0
6.6600	    49	1.4206	     0
6.6695	    47	1.4223	     0
6.6791	    45	1.4239	     0
6.6887	    40	1.4256	     0
6.6982	    52	1.4272	     0
6.7078	    45	1.4289	     0
6.7174	    44	1.4306	     0
6.7270	    45	1.4322	     0
6.7365	    38	1.4339	     0
6.7461	    39	1.4355	     0
6.7557	    27	1.4372	     0
6.7652	    26	1.4389	     0
6.7748	    30	1.4405	     0
6.7844	    16	1.4422	     0
6.7939	    19	1.4438	     0
6.8035	    12	1.4455	     0
6.8131	    10	1.4472	     0
6.8227	    10	1.4488	     0
6.8322	    16	1.4505	     0
6.8418	    10	1.4521	     0
6.8514	     5	1.4538	     0
6.8609	    11	1.4555	     0
6.8705	     8	1.4571	     0
6.8801	     3	1.4588	     0
6.8896	     4	1.4604	     0
6.8992	     5	1.4621	     0
6.9088	     2	1.4638	     0
6.9184	     4	1.4654	     0
6.9279	     5	1.4671	     0
6.9375	     4	1.4688	     0
6.9471	     2	1.4704	     0
6.9566	     0	1.4721	     0
6.9662	     1	1.4737	     0
6.9758	     0	1.4754	     0
6.9854	     1	1.4771	     0
6.9949	     2	1.4787	     0
7.0045	     0	1.4804	     0
7.0141	     0	1.4820	     0
7.0236	     1	1.4837	     0
7.0332	     0	1.4854	     1
7.0428	     1	1.4870	     0
7.0523	     0	1.4887	     0
7.0619	     0	1.4903	     1
7.0715	     0	1.4920	     0
7.0811	     0	1.4937	     1
7.0906	     0	1.4953	     0
7.1002	     0	1.4970	     0
7.1098	     1	1.4986	     0
7.1193	     0	1.5003	     0
7.1289	     1	1.5020	     0
7.1385	     0	1.5036	     0
7.1480	     0	1.5053	     0
7.1576	     0	1.5069	     0
7.1672	     0	1.5086	     0
7.1768	     1	1.5103	     0
7.1863	     0	1.5119	     0
7.1959	     0	1.5136	     0
7.2055	     0	1.5152	     0
7.2150	     0	1.5169	     0
7.2246	     0	1.5186	     0
7.2342	     1	1.5202	     0
7.2438	     2	1.5219	     1
7.2533	     0	1.5235	     0
7.2629	     1	1.5252	     0
7.2725	     0	1.5269	     0
7.2820	     0	1.5285	     0
7.2916	     0	1.5302	     0
7.3012	     2	1.5318	     0
7.3107	     0	1.5335	     0
7.3203	     0	1.5352	     0
7.3299	     0	1.5368	     0
7.3395	     0	1.5385	     0
7.3490	     0	1.5401	     0
7.3586	     0	1.5418	     0
7.3682	     0	1.5435	     0
7.3777	     0	1.5451	     0
7.3873	     0	1.5468	     0
7.3969	     0	1.5484	     0
7.4064	     0	1.5501	     0
7.4160	     0	1.5518	     0
7.4256	     0	1.5534	     0
7.4352	     0	1.5551	     0
7.4447	     0	1.5567	     0
7.4543	     0	1.5584	     0
7.4639	     1	1.5601	     0
7.4734	     0	1.5617	     0
7.4830	     0	1.5634	     0
7.4926	     1	1.5650	     0
7.5021	     0	1.5667	     0
7.5117	     0	1.5684	     2
7.5213	     0	1.5700	     0
7.5309	     0	1.5717	     0
7.5404	     0	1.5733	     0
7.5500	     0	1.5750	     0
7.5596	     0	1.5767	     0
7.5691	     0	1.5783	     1
7.5787	     0	1.5800	     0
7.5883	     0	1.5816	     0
7.5979	     0	1.5833	     0
7.6074	     0	1.5850	     0
7.6170	     0	1.5866	     0
7.6266	     1	1.5883	     0
7.6361	     0	1.5899	     0
7.6457	     0	1.5916	     0
7.6553	     0	1.5933	     0
7.6648	     0	1.5949	     0
7.6744	     0	1.5966	     0
7.6840	     0	1.5982	     0
7.6936	     0	1.5999	     0
7.7031	     0	1.6016	     0
7.7127	     0	1.6032	     0
7.7223	     0	1.6049	     0
7.7318	     0	1.6065	     0
7.7414	     0	1.6082	     1
7.7510	     0	1.6099	     0
7.7605	     0	1.6115	     0
7.7701	     0	1.6132	     0
7.7797	     0	1.6148	     0
7.7893	     0	1.6165	     0
7.7988	     0	1.6182	     0
7.8084	     0	1.6198	     0
7.8180	     0	1.6215	     0
7.8275	     0	1.6231	     0
7.8371	     0	1.6248	     0
7.8467	     1	1.6265	     0
7.8563	     0	1.6281	     0
7.8658	     0	1.6298	     0
7.8754	     0	1.6314	     0
7.8850	     0	1.6331	     0
7.8945	     0	1.6348	     0
7.9041	     0	1.6364	     0
7.9137	     0	1.6381	     0
7.9232	     0	1.6397	     0
7.9328	     0	1.6414	     0
7.9424	     0	1.6431	     0
7.9520	     0	1.6447	     0
7.9615	     0	1.6464	     0
7.9711	     0	1.6480	     0
7.9807	     0	1.6497	     0
7.9902	     0	1.6514	     0
7.9998	     0	1.6530	     0
8.0094	     1	1.6547	     0
8.0189	     1	1.6563	     0
8.0285	     0	1.6580	     0
8.0381	     0	1.6597	     0
8.0477	     0	1.6613	     0
8.0572	     0	1.6630	     0
8.0668	     0	1.6646	     0
8.0764	     0	1.6663	     1
8.0859	     0	1.6680	     0
8.0955	     0	1.6696	     0
8.1051	     0	1.6713	     0
8.1146	     0	1.6729	     0
8.1242	     0	1.6746	     0
8.1338	     0	1.6763	     0
8.1434	     0	1.6779	     0
8.1529	     0	1.6796	     0
8.1625	     0	1.6812	     0
8.1721	     0	1.6829	     0
8.1816	     0	1.6846	     0
8.1912	     0	1.6862	     0
8.2008	     0	1.6879	     0
8.2104	     0	1.6896	     0
8.2199	     0	1.6912	     0
8.2295	     0	1.6929	     0
8.2391	     0	1.6945	     0
8.2486	     0	1.6962	     0
8.2582	     0	1.6979	     0
8.2678	     0	1.6995	     0
8.2773	     0	1.7012	     0
8.2869	     0	1.7028	     0
8.2965	     0	1.7045	     0
8.3061	     0	1.7062	     0
8.3156	     0	1.7078	     0
8.3252	     0	1.7095	     0
8.3348	     0	1.7111	     0
8.3443	     0	1.7128	     0
8.3539	     0	1.7145	     0
8.3635	     0	1.7161	     0
8.3730	     0	1.7178	     0
8.3826	     0	1.7194	     0
8.3922	     0	1.7211	     0
8.4018	     0	1.7228	     0
8.4113	     0	1.7244	     0
8.4209	     0	1.7261	     0
8.4305	     0	1.7277	     0
8.4400	     0	1.7294	     0
8.4496	     0	1.7311	     0
8.4592	     0	1.7327	     0
8.4688	     0	1.7344	     0
8.4783	     0	1.7360	     0
8.4879	     0	1.7377	     0
8.4975	     0	1.7394	     0
8.5070	     0	1.7410	     0
8.5166	     0	1.7427	     0
8.5262	     0	1.7443	     0
8.5357	     0	1.7460	     0
8.5453	     0	1.7477	     0
8.5549	     0	1.7493	     0
8.5645	     0	1.7510	     0
8.5740	     0	1.7526	     0
8.5836	     0	1.7543	     0
8.5932	     0	1.7560	     0
8.6027	     0	1.7576	     0
8.6123	     0	1.7593	     0
8.6219	     0	1.7609	     0
8.6314	     0	1.7626	     0
8.6410	     0	1.7643	     1
8.6506	     0	1.7659	     0
8.6602	     0	1.7676	     0
8.6697	     0	1.7692	     0
8.6793	     0	1.7709	     0
8.6889	     0	1.7726	     0
8.6984	     0	1.7742	     0
8.7080	     0	1.7759	     0
8.7176	     0	1.7775	     0
8.7271	     0	1.7792	     0
8.7367	     0	1.7809	     0
8.7463	     0	1.7825	     0
8.7559	     0	1.7842	     0
8.7654	     0	1.7858	     0
8.7750	     0	1.7875	     0
8.7846	     0	1.7892	     0
8.7941	     0	1.7908	     0
8.8037	     0	1.7925	     0
8.8133	     0	1.7941	     0
8.8229	     0	1.7958	     0
8.8324	     0	1.7975	     1
8.8420	     0	1.7991	     0
8.8516	     0	1.8008	     0
8.8611	     0	1.8024	     0
8.8707	     0	1.8041	     0
8.8803	     0	1.8058	     0
8.8898	     0	1.8074	     0
8.8994	     0	1.8091	     0
8.9090	     0	1.8107	     0
8.9186	     0	1.8124	     0
8.9281	     0	1.8141	     1
8.9377	     0	1.8157	     1
8.9473	     0	1.8174	     0
8.9568	     0	1.8190	     0
8.9664	     0	1.8207	     0
8.9760	     0	1.8224	     0
8.9855	     0	1.8240	     0
8.9951	     0	1.8257	     0
9.0047	     0	1.8273	     0
9.0143	     0	1.8290	     0
9.0238	     0	1.8307	     0
9.0334	     0	1.8323	     0
9.0430	     0	1.8340	     0
9.0525	     0	1.8356	     1
9.0621	     0	1.8373	     0
9.0717	     0	1.8390	     1
9.0813	     0	1.8406	     0
9.0908	     0	1.8423	     0
9.1004	     0	1.8439	     0
9.1100	     0	1.8456	     0
9.1195	     0	1.8473	     0
9.1291	     0	1.8489	     0
9.1387	     0	1.8506	     0
9.1482	     0	1.8522	     0
9.1578	     0	1.8539	     0
9.1674	     0	1.8556	     0
9.1770	     0	1.8572	     0
9.1865	     0	1.8589	     0
9.1961	     0	1.8605	     0
9.2057	     0	1.8622	     0
9.2152	     0	1.8639	     0
9.2248	     0	1.8655	     0
9.2344	     0	1.8672	     0
9.2439	     0	1.8688	     1
9.2535	     0	1.8705	     0
9.2631	     0	1.8722	     0
9.2727	     0	1.8738	     0
9.2822	     0	1.8755	     0
9.2918	     0	1.8771	     0
9.3014	     0	1.8788	     0
9.3109	     0	1.8805	     0
9.3205	     0	1.8821	     0
9.3301	     0	1.8838	     0
9.3396	     0	1.8854	     0
9.3492	     0	1.8871	     0
9.3588	     0	1.8888	     0
9.3684	     0	1.8904	     0
9.3779	     0	1.8921	     0
9.3875	     0	1.8938	     0
9.3971	     0	1.8954	     0
9.4066	     0	1.8971	     0
9.4162	     0	1.8987	     0
9.4258	     0	1.9004	     0
9.4354	     0	1.9021	     0
9.4449	     0	1.9037	     0
9.4545	     0	1.9054	     0
9.4641	     0	1.9070	     0
9.4736	     0	1.9087	     0
9.4832	     0	1.9104	     0
9.4928	     0	1.9120	     0
9.5023	     0	1.9137	     0
9.5119	     0	1.9153	     1
9.5215	     0	1.9170	     0
9.5311	     0	1.9187	     1
9.5406	     0	1.9203	     0
9.5502	     0	1.9220	     0
9.5598	     0	1.9236	     0
9.5693	     0	1.9253	     0
9.5789	     0	1.9270	     0
9.5885	     0	1.9286	     0
9.5980	     0	1.9303	     0
9.6076	     0	1.9319	     0
9.6172	     0	1.9336	     0
9.6268	     0	1.9353	     0
9.6363	     0	1.9369	     0
9.6459	     0	1.9386	     0
9.6555	     0	1.9402	     0
9.6650	     0	1.9419	     0
9.6746	     0	1.9436	     0
9.6842	     0	1.9452	     0
9.6937	     0	1.9469	     0
9.7033	     0	1.9485	     0
9.7129	     0	1.9502	     0
9.7225	     0	1.9519	     0
9.7320	     0	1.9535	     0
9.7416	     0	1.9552	     0
9.7512	     0	1.9568	     0
9.7607	     0	1.9585	     0
9.7703	     0	1.9602	     0
9.7799	     0	1.9618	     0
9.7895	     0	1.9635	     0
9.7990	     0	1.9651	     0
9.8086	     0	1.9668	     0
9.8182	     0	1.9685	     0
9.8277	     0	1.9701	     0
9.8373	     0	1.9718	     0
9.8469	     0	1.9734	     0
9.8564	     0	1.9751	     0
9.8660	     0	1.9768	     0
9.8756	     0	1.9784	     0
9.8852	     0	1.9801	     0
9.8947	     0	1.9817	     0
9.9043	     0	1.9834	     0
9.9139	     0	1.9851	     0
9.9234	     0	1.9867	     0
9.9330	     0	1.9884	     0
9.9426	     0	1.9900	     0
9.9521	     0	1.9917	     0
9.9617	     0	1.9934	     0
9.9713	     0	1.9950	     0
9.9809	     0	1.9967	     0
9.9904	     0	1.9983	     0
